  Frame #         RMSD         rGyr      intraHB        MolSA         SASA          PSA
        0        0.000        4.605            0      376.539       40.267       73.825
        1        0.188        4.617            0      376.062       51.772       74.242
        2        0.502        4.573            0      376.947       54.041       76.487
        3        0.224        4.591            0      375.599       45.669       78.468
        4        0.361        4.541            0      375.508       44.174       80.665
        5        0.310        4.618            0      375.718       63.872       77.564
        6        0.393        4.629            0      376.937       63.892       76.773
        7        0.271        4.512            0      374.426       41.890       75.220
        8        0.502        4.560            0      374.493       56.529       77.693
        9        0.491        4.555            0      375.931       44.848       77.444
       10        0.363        4.571            0      377.349       49.576       76.820
       11        0.453        4.519            0      374.239       39.713       74.065
       12        0.454        4.542            0      372.868       85.132       78.766
       13        0.422        4.553            0      374.151       58.025       76.371
       14        0.372        4.557            0      378.227       61.588       74.446
       15        0.350        4.582            0      378.434       56.644       75.894
       16        0.459        4.560            0      373.453       63.575       77.335
       17        0.141        4.580            0      375.467       55.945       74.994
       18        0.430        4.571            0      373.820       69.137       77.357
       19        0.538        4.525            0      373.255       84.222       80.590
       20        0.547        4.510            0      376.594       53.629       77.441
       21        0.332        4.542            0      373.546       62.757       76.775
       22        0.280        4.593            0      377.356       61.136       79.214
       23        0.221        4.623            0      377.307       67.940       77.656
       24        0.545        4.594            0      375.229      101.145       78.464
       25        0.364        4.533            0      372.731       53.953       76.410
       26        0.537        4.574            0      376.138       71.678       78.257
       27        0.453        4.550            0      373.900       79.157       79.978
       28        0.429        4.616            0      378.833       81.317       80.897
       29        0.531        4.537            0      374.403       97.265       78.858
       30        0.383        4.599            0      376.011       74.339       78.257
       31        0.526        4.512            0      375.513       52.174       76.883
       32        0.629        4.588            0      376.059       56.147       82.048
       33        0.381        4.580            0      376.746       99.946       78.484
       34        0.402        4.559            0      378.669       65.523       76.579
       35        0.256        4.558            0      374.752       74.561       77.129
       36        0.317        4.569            0      373.683       68.899       79.108
       37        0.462        4.565            0      374.302       75.296       77.810
       38        0.384        4.599            0      373.747       63.644       80.016
       39        0.299        4.575            0      375.255       50.636       78.952
       40        0.477        4.580            0      374.762       51.593       81.094
       41        0.431        4.548            0      376.440       78.885       77.269
       42        0.385        4.530            0      374.493       66.453       78.332
       43        0.599        4.598            0      375.952       45.675       83.627
       44        0.408        4.507            0      372.726       70.998       77.485
       45        0.363        4.630            0      374.068       73.989       77.530
       46        0.546        4.567            0      372.470       60.462       79.014
       47        0.451        4.534            0      372.404       58.028       79.647
       48        0.490        4.573            0      374.382       70.908       79.760
       49        0.495        4.558            0      370.590       74.106       79.006
       50        0.440        4.534            0      371.765       52.334       82.015
       51        0.632        4.556            0      375.378       58.765       76.140
       52        0.413        4.525            0      370.785       60.777       79.909
       53        0.449        4.575            0      376.946       75.405       77.993
       54        0.345        4.551            0      369.521       93.721       80.173
       55        0.538        4.557            0      377.933       84.274       74.152
       56        0.495        4.586            0      372.599       91.666       80.758
       57        0.501        4.519            0      373.682       68.390       79.216
       58        0.359        4.527            0      373.661       64.454       75.660
       59        0.683        4.528            0      376.475       80.756       78.637
       60        0.294        4.543            0      372.256       65.367       77.785
       61        0.304        4.587            0      378.402       45.280       77.243
       62        0.439        4.572            0      373.225       63.225       80.109
       63        0.314        4.599            0      375.286       62.364       81.065
       64        0.329        4.537            0      375.443       48.467       79.014
       65        0.405        4.551            0      374.942       68.874       81.705
       66        0.304        4.540            0      372.939       45.609       78.892
       67        0.484        4.567            0      375.133       56.869       77.714
       68        0.329        4.539            0      375.478       77.736       74.330
       69        0.322        4.565            0      372.697       58.146       80.417
       70        0.246        4.587            0      376.811       77.175       76.604
       71        0.707        4.572            0      376.738       82.083       80.119
       72        0.751        4.544            0      375.906       57.384       77.218
       73        0.597        4.543            0      377.138       77.869       78.593
       74        0.547        4.549            0      379.839       75.005       78.560
       75        0.404        4.577            0      374.945       94.142       79.258
       76        0.555        4.577            0      376.405       87.413       78.526
       77        0.565        4.556            0      371.703       71.050       82.953
       78        0.577        4.587            0      378.981       74.666       78.101
       79        0.748        4.543            0      377.795       82.890       79.360
       80        0.640        4.552            0      377.951       63.321       79.887
       81        0.557        4.586            0      380.730       92.074       77.826
       82        0.517        4.619            0      378.171       64.915       77.656
       83        0.391        4.550            0      373.530       77.743       82.144
       84        0.596        4.561            0      378.913       99.314       76.296
       85        0.554        4.569            0      377.957       91.551       77.281
       86        0.433        4.513            0      375.905       81.925       76.499
       87        0.550        4.536            0      374.965       95.241       77.401
       88        0.606        4.546            0      377.269      106.814       80.463
       89        0.714        4.529            0      377.997       88.262       79.584
       90        0.520        4.559            0      374.364       94.645       81.090
       91        0.742        4.581            0      379.309       87.258       81.515
       92        0.473        4.536            0      376.090      100.110       83.685
       93        0.483        4.549            0      375.448       78.200       79.369
       94        0.600        4.581            0      374.663       95.657       80.524
       95        0.353        4.546            0      377.906       81.834       79.111
       96        0.589        4.558            0      375.443       94.223       80.432
       97        0.514        4.547            0      374.932       71.951       81.048
       98        0.406        4.506            0      372.419       55.671       79.953
       99        0.413        4.556            0      376.116       68.928       78.996
      100        0.647        4.541            0      375.874       86.566       78.597
      101        0.728        4.537            0      377.369      101.576       79.569
      102        0.411        4.571            0      378.362       97.174       79.200
      103        0.735        4.549            0      374.581       77.213       78.470
      104        0.438        4.557            0      373.838       82.370       80.225
      105        0.488        4.565            0      377.985       89.992       75.796
      106        0.752        4.540            0      377.132      102.333       79.033
      107        0.555        4.580            0      377.054       91.839       77.088
      108        0.663        4.532            0      376.973      102.691       76.734
      109        0.687        4.505            0      373.037       83.654       77.645
      110        0.683        4.530            0      375.131       80.830       77.740
      111        0.466        4.562            0      373.967       67.689       80.548
      112        0.490        4.559            0      375.748       96.751       79.994
      113        0.680        4.547            0      376.537       76.666       79.470
      114        0.572        4.604            0      377.025       54.586       76.998
      115        0.549        4.569            0      377.096       64.426       78.932
      116        0.530        4.546            0      376.718       50.821       81.277
      117        0.524        4.542            0      375.377       58.682       79.421
      118        0.909        4.489            0      374.230       69.565       82.470
      119        0.536        4.487            0      372.391       50.796       81.457
      120        0.587        4.565            0      376.914       77.944       84.221
      121        0.523        4.609            0      379.887       74.165       77.883
      122        0.744        4.532            0      375.803       67.439       78.049
      123        0.463        4.600            0      377.718       82.943       82.242
      124        0.715        4.563            0      377.160       82.305       78.823
      125        0.459        4.581            0      375.210       51.815       78.098
      126        0.432        4.537            0      375.262       80.411       76.416
      127        0.405        4.519            0      374.060       48.813       79.371
      128        0.410        4.512            0      374.224       57.210       81.569
      129        0.757        4.512            0      371.686       62.944       78.765
      130        0.752        4.564            0      378.468       55.164       78.557
      131        0.650        4.548            0      374.996       64.271       77.828
      132        0.706        4.490            0      372.390       68.585       81.099
      133        0.821        4.508            0      371.861       67.508       77.878
      134        0.653        4.471            0      368.298       48.838       75.559
      135        0.650        4.577            0      372.785       55.302       77.773
      136        0.681        4.504            0      372.271       50.839       80.669
      137        0.659        4.545            0      374.548       45.947       80.601
      138        0.663        4.530            0      372.298       50.563       77.938
      139        0.635        4.541            0      372.103       62.082       79.066
      140        0.779        4.498            0      373.872       63.180       78.568
      141        0.668        4.543            0      372.202       52.437       75.059
      142        0.770        4.498            0      375.517       70.980       77.787
      143        0.738        4.527            0      375.549       67.506       79.238
      144        0.741        4.553            0      369.887       66.801       80.746
      145        0.789        4.502            0      373.228       55.049       81.320
      146        0.814        4.535            0      373.504       74.982       77.470
      147        0.879        4.566            0      373.843      106.139       80.670
      148        0.617        4.534            0      372.945       57.360       76.583
      149        0.677        4.581            0      375.834       50.751       79.092
      150        0.895        4.565            0      371.126       95.733       79.927
      151        0.742        4.508            0      375.296       48.760       81.091
      152        0.701        4.565            0      375.946       84.742       78.557
      153        0.731        4.553            0      374.402       66.995       77.378
      154        0.835        4.563            0      371.531       83.722       80.057
      155        0.644        4.570            0      375.841       38.500       79.383
      156        0.733        4.546            0      373.682       62.058       76.108
      157        0.689        4.559            0      376.221       65.166       73.547
      158        0.716        4.543            0      373.264       78.030       78.124
      159        0.875        4.574            0      372.892       71.158       80.283
      160        0.694        4.544            0      371.962       71.861       78.046
      161        0.775        4.498            0      374.055       72.088       77.960
      162        0.723        4.561            0      370.898       91.340       76.411
      163        0.744        4.557            0      374.392       65.806       79.074
      164        0.761        4.584            0      377.355       93.130       77.437
      165        0.817        4.494            0      373.083       69.042       78.510
      166        0.770        4.517            0      371.272       73.658       80.923
      167        0.851        4.534            0      377.136       62.672       75.629
      168        0.869        4.535            0      374.821       90.803       77.268
      169        0.781        4.556            0      375.316       68.209       77.122
      170        0.729        4.614            0      376.800       82.339       80.210
      171        0.716        4.537            0      376.221       70.977       77.381
      172        0.773        4.539            0      372.321       84.369       79.438
      173        0.742        4.587            0      373.212       85.558       79.375
      174        0.850        4.487            0      375.537       72.402       79.606
      175        0.655        4.541            0      373.382       69.122       76.050
      176        0.578        4.564            0      372.810       70.758       77.972
      177        0.882        4.522            0      373.021       77.097       77.443
      178        0.962        4.484            0      369.928       92.273       79.241
      179        0.792        4.552            0      372.956       70.320       78.171
      180        0.822        4.554            0      371.987       89.227       80.421
      181        0.913        4.551            0      373.895       77.981       77.856
      182        0.864        4.517            0      374.733       76.996       80.146
      183        0.860        4.602            0      379.611       71.905       75.746
      184        0.815        4.499            0      374.500       59.238       79.226
      185        0.834        4.542            0      371.454       77.627       78.486
      186        0.750        4.541            0      372.201       75.542       83.647
      187        0.730        4.580            0      374.566       77.477       78.356
      188        0.879        4.528            0      370.209       90.701       77.062
      189        0.648        4.549            0      372.268       74.825       80.905
      190        0.716        4.565            0      374.485       76.038       79.680
      191        0.727        4.539            0      375.200       76.067       78.252
      192        0.818        4.542            0      372.283       75.911       80.684
      193        0.771        4.601            0      371.899       73.173       77.893
      194        0.818        4.567            0      371.527       63.094       77.566
      195        0.775        4.487            0      371.212       76.214       80.164
      196        0.735        4.577            0      373.666       90.362       78.819
      197        0.848        4.600            0      376.591       90.100       80.065
      198        0.740        4.524            0      372.319       99.117       75.230
      199        0.898        4.497            0      371.851       68.005       80.101
      200        0.635        4.563            0      377.238       65.990       76.841
      201        0.755        4.563            0      373.155       54.869       79.493
      202        0.807        4.528            0      369.919       67.627       78.011
      203        0.909        4.509            0      369.019       76.318       79.036
      204        0.718        4.547            0      371.624       75.333       75.986
      205        0.753        4.557            0      377.419       57.005       79.661
      206        0.798        4.570            0      377.041       51.389       74.099
      207        0.867        4.488            0      373.167       72.172       79.567
      208        0.849        4.517            0      372.246       72.550       77.496
      209        0.797        4.515            0      373.325       69.740       77.808
      210        0.796        4.474            0      370.547       85.715       78.515
      211        0.720        4.500            0      373.335       54.959       79.920
      212        0.792        4.514            0      372.357       77.968       75.999
      213        0.764        4.584            0      371.369       63.970       81.929
      214        0.818        4.533            0      372.909       77.707       77.122
      215        0.769        4.508            0      369.454       90.314       78.703
      216        0.770        4.579            0      373.040       72.853       78.873
      217        0.782        4.541            0      370.430       73.247       76.865
      218        0.736        4.510            0      372.837       75.650       75.960
      219        0.798        4.538            0      374.198       89.528       77.562
      220        0.903        4.529            0      370.614       84.403       81.206
      221        0.892        4.482            0      371.598       83.088       77.583
      222        0.747        4.552            0      376.223       86.713       73.417
      223        0.785        4.518            0      367.079       95.959       79.227
      224        0.873        4.596            0      378.536       78.192       78.007
      225        0.685        4.566            0      373.838       53.604       76.832
      226        0.805        4.527            0      368.204       75.224       77.146
      227        0.631        4.585            0      373.136       65.211       75.423
      228        0.712        4.523            0      370.138       76.787       73.755
      229        0.827        4.554            0      372.441       73.193       79.944
      230        0.809        4.566            0      373.254       78.582       79.649
      231        0.759        4.516            0      370.051       73.581       80.912
      232        0.720        4.568            0      373.422       66.439       78.143
      233        0.718        4.538            0      376.118       78.452       80.894
      234        0.726        4.533            0      372.837       66.065       76.512
      235        0.882        4.569            0      378.025       66.645       78.458
      236        0.641        4.533            0      373.686       57.162       77.277
      237        0.700        4.571            0      371.785       54.928       75.754
      238        0.720        4.563            0      371.343       70.868       76.874
      239        0.745        4.549            0      371.626       60.738       80.622
      240        0.970        4.472            0      372.206       79.430       81.070
      241        0.703        4.581            0      372.883       91.046       78.773
      242        0.787        4.513            0      372.140       88.209       81.994
      243        0.652        4.548            0      371.546       72.325       79.749
      244        0.741        4.486            0      368.661       41.962       79.986
      245        0.689        4.643            0      373.653       73.818       77.618
      246        0.689        4.532            0      372.066       64.678       76.944
      247        0.629        4.475            0      372.254       69.866       80.925
      248        0.670        4.549            0      374.942       59.610       78.623
      249        0.783        4.525            0      371.838       79.095       78.163
      250        0.655        4.550            0      373.731       70.138       78.924
      251        0.729        4.542            0      370.169       70.240       80.032
      252        0.668        4.515            0      374.547       53.136       78.329
      253        0.633        4.548            0      373.311       65.981       79.076
      254        0.693        4.587            0      373.436       65.727       78.474
      255        0.774        4.577            0      374.180       83.775       78.353
      256        0.792        4.502            0      372.842       75.563       78.909
      257        0.809        4.545            0      371.782       70.489       79.776
      258        0.668        4.565            0      373.824       51.845       78.701
      259        0.748        4.509            0      369.676       80.207       79.662
      260        0.695        4.567            0      372.753       63.916       77.581
      261        0.724        4.592            0      375.874       65.884       79.648
      262        0.867        4.509            0      374.178       71.772       80.394
      263        0.614        4.562            0      372.947       64.713       75.438
      264        0.686        4.459            0      370.563       55.607       78.452
      265        0.677        4.503            0      374.710       65.263       78.008
      266        0.710        4.543            0      369.811       89.068       81.190
      267        0.922        4.474            0      374.037       67.253       76.228
      268        0.737        4.539            0      372.631       67.817       80.864
      269        0.751        4.587            0      372.780       64.455       75.813
      270        0.778        4.557            0      374.227       71.037       80.674
      271        0.763        4.629            0      373.981       62.439       78.691
      272        0.670        4.547            0      374.207       74.188       80.882
      273        0.840        4.532            0      374.412       57.782       80.673
      274        0.721        4.539            0      372.780       56.839       75.656
      275        0.726        4.529            0      371.487       64.226       77.365
      276        0.805        4.527            0      373.381       58.696       76.377
      277        0.851        4.542            0      374.596       59.497       77.565
      278        0.644        4.551            0      374.468       65.153       77.189
      279        0.760        4.543            0      371.697       63.565       77.616
      280        0.656        4.549            0      372.308       72.239       79.254
      281        0.688        4.554            0      373.978       54.029       77.539
      282        0.826        4.560            0      370.954       71.606       77.288
      283        0.676        4.618            0      377.542       48.895       76.326
      284        0.796        4.565            0      372.700       77.289       78.467
      285        0.786        4.572            0      373.291       77.940       77.842
      286        0.865        4.565            0      376.637       69.412       81.163
      287        0.665        4.500            0      370.189       64.800       77.256
      288        0.866        4.476            0      370.387       67.130       77.083
      289        0.819        4.561            0      372.611       78.048       78.118
      290        0.736        4.555            0      371.908       66.604       77.464
      291        0.691        4.577            0      373.297       80.726       79.035
      292        0.713        4.605            0      375.502       76.807       77.216
      293        0.741        4.562            0      375.148       60.958       79.266
      294        0.773        4.583            0      375.984       74.829       77.665
      295        0.936        4.530            0      371.648       87.207       79.477
      296        0.861        4.522            0      370.314       75.043       74.618
      297        0.741        4.582            0      373.777       72.058       78.978
      298        0.834        4.584            0      372.770       74.789       78.211
      299        0.748        4.583            0      377.902       72.224       78.927
      300        0.906        4.551            0      370.657       61.193       79.338
      301        0.808        4.561            0      376.739       57.019       77.110
      302        0.746        4.611            0      374.083       64.629       80.722
      303        0.880        4.532            0      375.061       66.977       80.389
      304        0.874        4.545            0      372.695       78.215       77.420
      305        0.707        4.573            0      372.987       66.765       76.942
      306        0.723        4.533            0      373.730       73.708       79.408
      307        0.774        4.542            0      373.325       78.374       78.842
      308        0.855        4.548            0      377.377       80.568       79.333
      309        0.936        4.597            0      371.963       72.914       83.730
      310        0.688        4.525            0      374.359       73.224       78.971
      311        0.841        4.521            0      375.375       62.176       77.819
      312        0.768        4.558            0      375.500       74.615       76.871
      313        0.705        4.497            0      373.821       64.575       78.179
      314        0.743        4.532            0      372.470       75.898       79.097
      315        0.938        4.529            0      375.379       92.015       79.277
      316        0.960        4.541            0      369.246       71.547       77.790
      317        0.684        4.492            0      373.848       58.651       79.020
      318        0.724        4.551            0      374.440       84.468       81.361
      319        0.708        4.603            0      372.947       74.740       79.897
      320        0.731        4.524            0      370.529       42.500       79.787
      321        0.867        4.556            0      372.431       66.223       78.195
      322        0.790        4.537            0      375.180       79.451       74.436
      323        0.811        4.516            0      371.871       86.916       76.178
      324        0.939        4.540            0      376.454       71.810       79.730
      325        0.698        4.550            0      375.061       68.722       76.423
      326        0.816        4.590            0      377.583       86.674       77.858
      327        0.840        4.523            0      372.098       75.961       77.345
      328        0.843        4.485            0      372.342       61.521       80.946
      329        0.745        4.540            0      370.586       77.661       77.460
      330        0.834        4.527            0      371.082       72.173       79.556
      331        0.798        4.513            0      370.971       76.309       77.595
      332        0.794        4.534            0      374.180       63.043       77.832
      333        0.821        4.576            0      373.662       80.684       79.955
      334        0.674        4.538            0      372.264       69.618       79.561
      335        0.784        4.557            0      371.016       59.025       81.012
      336        0.754        4.554            0      374.732       71.295       79.951
      337        0.805        4.524            0      373.419       77.038       77.171
      338        0.778        4.588            0      377.044       84.272       78.707
      339        0.846        4.492            0      373.429      114.766       79.832
      340        0.747        4.459            0      369.917       86.710       77.368
      341        0.705        4.533            0      372.705       68.405       80.001
      342        0.580        4.559            0      373.152       64.063       79.744
      343        0.719        4.544            0      375.451       74.517       77.793
      344        0.910        4.540            0      374.968       78.614       80.879
      345        0.768        4.571            0      375.085       69.972       80.964
      346        0.929        4.543            0      377.313       61.009       80.939
      347        0.800        4.457            0      370.171       63.035       79.059
      348        0.746        4.485            0      372.530       57.146       84.550
      349        0.668        4.546            0      374.353       66.667       77.140
      350        0.746        4.549            0      375.344       56.414       75.081
      351        0.876        4.505            0      370.176       67.943       77.229
      352        0.738        4.535            0      373.269       77.661       76.345
      353        0.729        4.533            0      372.598       57.450       81.232
      354        0.828        4.513            0      373.936       78.354       74.882
      355        0.792        4.525            0      372.615       92.435       80.047
      356        0.869        4.593            0      373.395       70.088       80.120
      357        0.796        4.576            0      373.349       61.437       78.159
      358        0.775        4.580            0      376.623       61.722       77.173
      359        0.740        4.532            0      372.220       61.753       77.375
      360        0.911        4.527            0      374.104       83.742       80.613
      361        0.657        4.519            0      373.042       62.484       81.613
      362        0.837        4.564            0      373.767       90.275       78.012
      363        0.774        4.434            0      369.354       63.551       81.162
      364        0.671        4.528            0      372.263       45.071       77.910
      365        0.708        4.611            0      377.349       62.353       75.238
      366        0.685        4.509            0      369.600       63.081       76.996
      367        0.744        4.554            0      371.548       55.890       78.084
      368        0.702        4.590            0      376.974       68.114       74.508
      369        0.710        4.541            0      373.007       65.328       78.222
      370        0.737        4.555            0      374.127       69.905       74.485
      371        0.803        4.535            0      369.279       69.318       78.644
      372        0.762        4.570            0      377.281       82.163       76.230
      373        0.682        4.537            0      372.624       85.775       76.805
      374        0.689        4.535            0      375.825       85.819       78.623
      375        0.832        4.577            0      374.559       74.369       83.050
      376        0.687        4.526            0      373.064       83.020       76.615
      377        0.879        4.573            0      375.805       87.015       76.593
      378        0.848        4.549            0      372.725       63.679       77.826
      379        0.629        4.574            0      373.123       65.500       79.140
      380        0.646        4.578            0      373.800       67.141       77.264
      381        0.802        4.541            0      372.561       65.040       75.237
      382        0.918        4.491            0      368.714       77.561       78.298
      383        0.854        4.551            0      373.399       73.886       77.543
      384        0.713        4.570            0      375.919       54.509       78.054
      385        0.679        4.583            0      375.523       57.171       78.596
      386        0.743        4.504            0      371.293       66.397       76.734
      387        0.972        4.504            0      367.047       67.551       78.124
      388        0.603        4.535            0      370.381       77.958       77.264
      389        0.710        4.496            0      372.703       73.597       77.422
      390        0.823        4.538            0      371.755       47.993       80.522
      391        0.692        4.514            0      373.535       49.212       76.128
      392        0.748        4.505            0      372.956       54.434       78.294
      393        0.732        4.589            0      373.204       60.953       77.454
      394        0.781        4.516            0      375.766       55.413       78.909
      395        0.766        4.590            0      374.099       90.232       76.587
      396        0.758        4.538            0      374.491       85.123       77.286
      397        0.792        4.532            0      370.594       51.395       76.785
      398        0.622        4.583            0      372.409       67.310       75.019
      399        0.799        4.539            0      376.938       59.217       77.594
      400        0.755        4.498            0      374.293       61.169       74.790
      401        0.688        4.507            0      371.179       81.005       78.293
      402        0.799        4.568            0      376.332       93.758       76.974
      403        0.744        4.544            0      371.438       60.799       80.225
      404        0.764        4.473            0      367.972       66.434       77.564
      405        0.711        4.541            0      376.798       54.515       75.060
      406        0.737        4.476            0      373.269       63.447       78.337
      407        0.519        4.544            0      372.362       58.858       81.205
      408        0.430        4.560            0      375.276       51.420       78.814
      409        0.697        4.494            0      369.954       50.250       77.111
      410        0.659        4.573            0      371.980       46.480       74.701
      411        0.711        4.586            0      378.574       50.783       77.333
      412        0.842        4.583            0      368.465       51.578       81.812
      413        0.738        4.515            0      373.582       62.154       76.894
      414        0.723        4.512            0      374.739       58.689       80.209
      415        0.905        4.587            0      368.294       58.817       82.600
      416        0.685        4.563            0      373.286       40.524       79.559
      417        0.754        4.487            0      370.187       84.135       76.958
      418        0.788        4.588            0      376.814       88.550       79.634
      419        0.665        4.548            0      373.379       48.963       77.857
      420        0.699        4.555            0      371.935       64.727       79.998
      421        0.639        4.529            0      375.439       59.249       78.604
      422        0.768        4.538            0      375.161       57.914       78.042
      423        0.768        4.559            0      375.055       81.148       77.547
      424        0.793        4.515            0      371.702       78.511       77.900
      425        0.701        4.564            0      374.228       72.892       78.497
      426        0.770        4.510            0      371.867       58.631       77.800
      427        0.712        4.576            0      374.495       73.280       80.369
      428        0.789        4.535            0      371.172       66.930       77.919
      429        0.386        4.639            0      376.934       59.855       77.726
      430        0.559        4.540            0      376.297       51.640       79.665
      431        0.575        4.490            0      370.557       64.118       84.954
      432        0.360        4.605            0      379.519       61.517       81.837
      433        0.599        4.469            0      375.979       57.017       79.817
      434        0.387        4.555            0      376.197       50.406       81.138
      435        0.485        4.475            0      368.933       63.352       80.777
      436        0.706        4.536            0      372.476       42.531       83.050
      437        0.780        4.582            0      376.582       57.956       76.983
      438        0.804        4.544            0      373.434       68.866       76.269
      439        0.895        4.580            0      376.603       66.535       77.491
      440        0.848        4.532            0      373.441       63.378       77.708
      441        0.860        4.525            0      372.823       62.085       78.127
      442        0.936        4.495            0      377.408       75.541       79.852
      443        0.889        4.574            0      375.964       74.957       79.522
      444        0.469        4.540            0      377.575       72.274       79.464
      445        0.907        4.575            0      379.792       74.250       77.079
      446        0.848        4.498            0      372.516       78.515       78.897
      447        1.101        4.520            0      372.351      100.608       78.240
      448        0.696        4.547            0      372.396       64.893       80.420
      449        0.699        4.553            0      373.411       55.998       80.612
      450        0.699        4.580            0      370.167       42.826       80.774
      451        0.735        4.498            0      374.419       48.677       76.896
      452        0.743        4.575            0      377.808       63.665       78.826
      453        0.851        4.500            0      373.729       92.778       77.956
      454        0.700        4.531            0      374.970       76.066       76.685
      455        0.731        4.520            0      373.286       42.870       79.410
      456        0.732        4.568            0      374.512       73.471       77.350
      457        0.702        4.490            0      373.272       65.726       78.242
      458        0.770        4.518            0      376.561       87.371       76.171
      459        0.712        4.553            0      371.069       64.080       77.355
      460        0.737        4.635            0      374.392       80.660       78.373
      461        0.619        4.580            0      376.917       56.624       77.850
      462        0.792        4.513            0      377.312       70.108       78.974
      463        0.833        4.556            0      372.979      100.135       79.024
      464        0.929        4.571            0      379.966       97.069       79.806
      465        0.829        4.489            0      373.817      101.762       79.045
      466        0.896        4.563            0      371.019       92.475       80.216
      467        0.912        4.577            0      379.221      121.145       80.417
      468        0.887        4.555            0      377.499       99.201       76.905
      469        0.822        4.529            0      376.209       68.304       80.010
      470        0.661        4.524            0      373.108       57.232       77.333
      471        0.570        4.580            0      376.887       35.471       78.414
      472        0.758        4.576            0      375.758       88.176       79.942
      473        0.823        4.566            0      373.298      103.293       81.990
      474        0.713        4.521            0      369.941       82.630       78.390
      475        0.636        4.581            0      374.285       48.504       80.309
      476        0.650        4.551            0      375.902       52.150       78.839
      477        0.629        4.550            0      372.349       41.335       78.966
      478        0.692        4.499            0      370.500       49.912       78.394
      479        0.653        4.584            0      377.182       49.605       78.788
      480        0.706        4.579            0      376.094       61.518       78.651
      481        0.704        4.571            0      372.372       55.848       76.338
      482        0.563        4.524            0      370.850       51.442       80.581
      483        0.578        4.588            0      375.906       44.053       76.818
      484        0.648        4.522            0      374.829       48.853       76.895
      485        0.569        4.607            0      375.273       51.783       74.665
      486        0.712        4.529            0      373.557       51.506       81.730
      487        0.773        4.524            0      369.424       53.165       76.539
      488        0.659        4.569            0      376.296       57.180       77.616
      489        0.766        4.518            0      373.853       67.707       79.171
      490        0.733        4.555            0      374.806       43.883       77.721
      491        0.649        4.545            0      371.484       46.102       81.833
      492        0.560        4.554            0      373.542       44.847       75.593
      493        0.691        4.565            0      373.808       51.649       77.118
      494        0.827        4.515            0      371.049       67.249       81.280
      495        0.708        4.509            0      371.205       67.284       77.473
      496        0.643        4.492            0      373.393       51.214       77.784
      497        0.670        4.584            0      376.263       49.739       77.602
      498        0.657        4.535            0      374.749       66.648       75.319
      499        0.701        4.512            0      375.140       62.752       77.254
      500        0.800        4.575            0      370.366       68.010       80.791
      501        0.668        4.496            0      371.454       51.286       75.396
      502        0.810        4.518            0      375.979       57.973       79.013
      503        0.748        4.478            0      375.091       47.334       77.433
      504        0.681        4.475            0      372.122       52.885       77.285
      505        0.698        4.584            0      374.826       63.492       79.886
      506        0.750        4.540            0      376.555       62.773       76.800
      507        0.687        4.484            0      372.348       58.912       78.204
      508        0.727        4.564            0      374.801       64.705       75.367
      509        0.669        4.516            0      372.965       86.608       75.911
      510        0.623        4.523            0      370.469       38.011       76.279
      511        0.582        4.529            0      369.309       45.649       74.712
      512        0.645        4.516            0      371.971       40.820       76.308
      513        0.726        4.524            0      369.488       51.488       76.794
      514        0.777        4.501            0      373.207       63.514       76.657
      515        0.682        4.520            0      371.558       59.962       78.569
      516        0.665        4.559            0      372.381       53.362       79.010
      517        0.647        4.511            0      373.145       40.917       77.809
      518        0.746        4.543            0      370.837       53.670       77.130
      519        0.739        4.561            0      374.123       55.706       80.755
      520        0.674        4.535            0      377.117       57.033       79.275
      521        0.683        4.572            0      374.921       51.495       76.436
      522        0.623        4.529            0      372.358       48.228       78.736
      523        0.642        4.556            0      373.893       45.213       79.252
      524        0.675        4.554            0      370.814       55.391       78.098
      525        0.703        4.584            0      374.764       63.922       78.879
      526        0.634        4.619            0      379.329       45.625       76.988
      527        0.320        4.581            0      375.427       33.018       78.809
      528        0.655        4.547            0      375.949       54.323       77.353
      529        0.779        4.526            0      373.255       48.524       78.852
      530        0.661        4.537            0      371.914       41.217       79.687
      531        0.827        4.470            0      370.731       70.804       75.605
      532        0.724        4.528            0      376.231       81.398       76.992
      533        0.630        4.550            0      372.659       52.366       78.165
      534        0.731        4.539            0      373.147       51.897       78.156
      535        0.704        4.569            0      374.889       56.705       75.773
      536        0.684        4.557            0      376.432       52.503       74.280
      537        0.685        4.532            0      374.607       36.606       77.613
      538        0.796        4.496            0      371.497       58.124       78.920
      539        0.711        4.584            0      372.757       50.286       81.156
      540        0.727        4.534            0      371.870       51.518       77.450
      541        0.707        4.545            0      372.877       66.129       77.200
      542        0.681        4.579            0      375.337       75.641       76.312
      543        0.748        4.474            0      372.350       58.483       76.182
      544        0.668        4.511            0      370.354       47.056       77.529
      545        0.718        4.534            0      372.714       56.271       74.809
      546        0.676        4.547            0      374.744       49.026       78.411
      547        0.773        4.528            0      373.928       57.708       77.290
      548        0.629        4.612            0      376.638       55.572       79.533
      549        0.734        4.537            0      374.813       46.037       79.566
      550        0.680        4.617            0      374.811       47.044       77.904
      551        0.694        4.574            0      374.224       62.564       79.358
      552        0.711        4.514            0      371.861       51.518       76.602
      553        0.725        4.534            0      371.908       75.918       77.420
      554        0.755        4.554            0      375.242       68.992       74.965
      555        0.720        4.558            0      372.506       67.487       78.701
      556        0.611        4.529            0      370.470       48.411       77.263
      557        0.723        4.539            0      374.673       64.234       80.670
      558        0.778        4.483            0      374.019       72.996       76.876
      559        0.781        4.559            0      372.907       59.626       78.998
      560        0.666        4.566            0      373.327       67.061       79.031
      561        0.650        4.623            0      376.045       65.470       76.928
      562        0.740        4.510            0      371.573       49.571       77.417
      563        0.803        4.553            0      380.301       66.426       78.540
      564        0.698        4.537            0      372.471       52.754       75.502
      565        0.708        4.551            0      372.949       67.497       76.073
      566        0.803        4.602            0      374.157       59.725       82.070
      567        0.706        4.564            0      378.724       53.056       77.420
      568        0.704        4.562            0      375.136       77.610       82.463
      569        0.731        4.459            0      371.739       55.325       81.268
      570        0.868        4.520            0      371.375       63.031       78.104
      571        0.829        4.548            0      376.912       71.891       78.599
      572        0.740        4.547            0      375.562       57.477       79.737
      573        0.873        4.499            0      373.933       84.567       76.501
      574        0.904        4.490            0      372.238       70.859       79.380
      575        0.928        4.424            0      368.528       72.350       77.951
      576        0.780        4.509            0      373.714       59.115       79.336
      577        0.929        4.416            0      374.651       44.138       76.698
      578        0.792        4.506            0      373.643       93.160       78.924
      579        0.901        4.514            0      374.510       67.137       79.255
      580        0.763        4.599            0      377.897       91.325       78.540
      581        0.885        4.470            0      368.847       53.919       78.617
      582        0.932        4.443            0      374.047       61.725       77.535
      583        1.063        4.428            0      377.221      113.154       78.608
      584        0.751        4.547            0      373.194       75.156       78.176
      585        0.707        4.537            0      375.385       77.117       77.332
      586        0.841        4.522            0      374.911       66.962       74.790
      587        0.892        4.562            0      374.285       98.734       85.985
      588        0.759        4.537            0      373.829       68.934       75.929
      589        0.810        4.533            0      373.704       74.232       79.180
      590        0.939        4.432            0      374.508       58.661       74.613
      591        0.901        4.483            0      375.406       82.499       77.275
      592        0.684        4.524            0      371.522       52.059       76.836
      593        0.805        4.516            0      373.969       84.790       78.724
      594        0.702        4.549            0      374.845       66.196       74.462
      595        0.776        4.576            0      373.706       64.489       80.633
      596        0.780        4.485            0      374.796       56.080       77.393
      597        0.690        4.528            0      374.613       69.395       77.001
      598        0.958        4.600            0      379.086       75.639       80.943
      599        0.778        4.468            0      370.788       62.344       78.481
      600        0.867        4.489            0      370.943       58.943       77.303
      601        0.665        4.538            0      375.149       57.590       79.014
      602        0.816        4.549            0      375.959       64.899       79.260
      603        0.859        4.518            0      373.579       70.652       77.625
      604        0.751        4.579            0      373.778       66.977       76.875
      605        0.792        4.481            0      370.023       45.515       77.625
      606        0.896        4.474            0      373.903       61.897       79.378
      607        0.855        4.508            0      373.489       83.822       75.441
      608        0.933        4.533            0      374.104       64.743       81.221
      609        0.664        4.548            0      374.602       66.132       75.391
      610        0.900        4.549            0      374.611       47.485       78.798
      611        0.858        4.566            0      371.325       56.590       79.122
      612        0.978        4.439            0      375.671       53.200       79.452
      613        0.877        4.472            0      374.316       69.252       79.106
      614        0.749        4.547            0      370.435       63.213       79.611
      615        0.705        4.569            0      373.732       59.919       79.388
      616        0.576        4.548            0      377.658       81.316       77.046
      617        0.630        4.587            0      375.489       66.110       80.004
      618        0.707        4.575            0      376.881       60.173       77.637
      619        0.861        4.505            0      369.913       51.817       78.000
      620        0.913        4.602            0      377.776       61.757       77.303
      621        0.916        4.469            0      372.113       86.725       80.373
      622        0.953        4.491            0      372.403       59.802       76.659
      623        0.694        4.512            0      370.774       70.684       78.734
      624        0.735        4.518            0      374.353       51.354       79.226
      625        0.746        4.485            0      371.868       62.971       78.617
      626        0.786        4.510            0      374.019       60.691       78.679
      627        0.758        4.560            0      376.972       78.742       79.404
      628        0.770        4.576            0      378.751       75.754       78.807
      629        0.719        4.568            0      374.348       61.464       79.370
      630        0.848        4.555            0      371.586       66.170       79.861
      631        0.781        4.544            0      374.351       49.964       81.822
      632        0.723        4.496            0      372.920       67.512       79.858
      633        0.750        4.537            0      375.362       69.966       78.075
      634        0.906        4.476            0      374.092       82.759       78.260
      635        0.919        4.421            0      368.484       83.706       79.502
      636        0.962        4.436            0      376.605       78.940       78.042
      637        0.851        4.387            0      372.622       74.553       82.788
      638        0.645        4.547            0      375.165       80.268       75.798
      639        0.600        4.539            0      373.067       43.322       77.276
      640        0.665        4.562            0      375.051       55.793       77.570
      641        0.709        4.537            0      374.333       57.138       79.107
      642        0.713        4.541            0      376.647       62.618       77.140
      643        0.694        4.512            0      372.202       37.076       77.590
      644        0.626        4.563            0      375.110       48.480       78.388
      645        0.780        4.573            0      376.097       72.750       82.456
      646        0.714        4.596            0      374.828       68.807       80.355
      647        0.791        4.536            0      373.768       75.854       78.002
      648        0.652        4.538            0      373.582       58.142       77.369
      649        0.609        4.543            0      372.336       53.353       79.554
      650        0.759        4.592            0      372.954       59.914       78.059
      651        0.627        4.522            0      370.880       46.655       77.996
      652        0.663        4.549            0      374.841       66.858       77.473
      653        0.783        4.448            0      371.511       56.483       78.005
      654        0.668        4.525            0      372.807       52.938       78.225
      655        0.684        4.544            0      372.490       54.211       80.216
      656        0.678        4.573            0      373.154       50.140       79.274
      657        0.691        4.512            0      374.664       51.386       79.026
      658        0.712        4.539            0      375.511       63.287       78.874
      659        0.634        4.583            0      376.435       67.017       78.217
      660        0.712        4.556            0      376.555       74.481       77.210
      661        0.742        4.565            0      373.851       61.115       77.149
      662        0.718        4.524            0      375.452       55.747       80.324
      663        0.685        4.552            0      375.410       58.332       80.458
      664        0.715        4.505            0      374.343       64.295       81.307
      665        0.716        4.551            0      372.372       85.930       77.655
      666        0.777        4.529            0      373.782       77.248       76.142
      667        0.851        4.505            0      374.603       92.414       79.568
      668        0.791        4.497            0      374.265       91.009       79.982
      669        0.790        4.522            0      375.159       82.261       77.517
      670        0.617        4.563            0      373.938       71.443       76.563
      671        0.678        4.515            0      376.212       54.668       77.470
      672        0.811        4.507            0      377.191       79.063       77.995
      673        0.647        4.469            0      370.627       50.299       79.181
      674        0.832        4.525            0      368.352       56.714       83.114
      675        0.628        4.577            0      374.015       64.181       79.626
      676        0.673        4.559            0      377.739       60.683       81.170
      677        0.616        4.511            0      373.315       39.399       76.739
      678        0.728        4.501            0      372.215       53.410       76.367
      679        0.637        4.535            0      373.392       56.352       78.203
      680        0.587        4.586            0      374.882       47.478       77.866
      681        0.618        4.534            0      372.475       57.294       75.270
      682        0.632        4.541            0      373.711       58.291       77.712
      683        0.622        4.536            0      373.510       63.618       76.437
      684        0.647        4.531            0      370.993       50.154       78.300
      685        0.721        4.454            0      369.048       75.221       76.309
      686        0.715        4.518            0      374.679       51.119       77.360
      687        0.645        4.565            0      376.089       66.256       75.820
      688        0.658        4.581            0      376.884       53.474       78.673
      689        0.795        4.506            0      367.832       69.816       78.378
      690        0.755        4.546            0      374.321       39.473       82.437
      691        0.653        4.548            0      374.141       53.651       77.777
      692        0.692        4.535            0      370.718       42.040       77.344
      693        0.787        4.523            0      369.644       51.919       78.728
      694        0.660        4.558            0      376.019       49.917       77.559
      695        0.702        4.512            0      374.422       57.627       79.342
      696        0.776        4.543            0      370.891       70.488       77.380
      697        0.762        4.557            0      370.060       51.961       77.492
      698        0.739        4.524            0      377.777       82.428       75.960
      699        0.668        4.538            0      375.846       52.628       76.423
      700        0.669        4.506            0      373.314       61.729       75.113
      701        0.720        4.474            0      372.047       59.075       77.752
      702        0.676        4.525            0      373.159       56.050       80.567
      703        0.708        4.443            0      372.782       68.333       74.919
      704        0.725        4.528            0      375.092       67.583       76.195
      705        0.673        4.566            0      372.299       58.966       79.963
      706        0.759        4.555            0      375.478       86.884       77.322
      707        0.728        4.532            0      376.403       84.504       77.025
      708        0.782        4.531            0      374.556       85.266       81.295
      709        0.812        4.503            0      368.305      127.007       80.780
      710        0.830        4.512            0      377.538      126.659       76.984
      711        0.766        4.491            0      370.470       83.874       81.047
      712        0.912        4.506            0      372.787       82.558       80.111
      713        0.858        4.549            0      374.757      113.559       81.321
      714        0.935        4.552            0      375.279      108.097       76.701
      715        0.470        4.524            0      371.808       92.965       78.887
      716        0.865        4.519            0      376.095      114.593       78.184
      717        0.888        4.503            0      375.245      148.421       82.300
      718        0.461        4.534            0      378.683      117.023       80.716
      719        0.380        4.532            0      378.142      110.893       79.087
      720        0.308        4.555            0      377.605      115.562       80.720
      721        0.832        4.572            0      378.627      111.887       82.765
      722        0.863        4.525            0      375.045      123.726       84.143
      723        0.947        4.482            0      370.800      109.332       80.601
      724        0.910        4.521            0      372.893       91.209       85.387
      725        0.937        4.440            0      370.652       94.957       82.423
      726        0.768        4.552            0      374.859      124.723       82.436
      727        0.864        4.528            0      373.667      158.700       80.324
      728        0.918        4.519            0      375.584      140.710       79.519
      729        1.025        4.489            0      375.086      126.619       82.299
      730        0.929        4.524            0      373.646      104.476       82.232
      731        0.919        4.489            0      374.937       86.897       78.193
      732        1.044        4.508            0      370.995      105.185       82.546
      733        0.766        4.493            0      374.823      119.236       78.084
      734        0.874        4.541            0      378.876      103.449       82.209
      735        0.724        4.549            0      375.809       80.960       82.430
      736        0.716        4.536            0      372.708       57.125       78.630
      737        0.897        4.552            0      370.450       71.092       79.521
      738        0.768        4.525            0      370.955       60.723       81.440
      739        0.812        4.513            0      372.425       62.594       78.135
      740        0.745        4.558            0      377.912       91.194       76.877
      741        0.741        4.578            0      377.413       86.811       78.361
      742        0.779        4.565            0      376.623       63.316       80.350
      743        0.699        4.529            0      372.810       48.762       75.692
      744        0.736        4.506            0      374.167       54.078       78.047
      745        0.742        4.549            0      371.224       84.123       84.096
      746        0.638        4.517            0      369.160       54.717       75.218
      747        0.666        4.523            0      372.170       48.516       76.004
      748        0.718        4.503            0      369.042       40.646       80.018
      749        0.825        4.533            0      377.080       75.110       77.009
      750        0.729        4.542            0      377.069       64.791       80.453
      751        0.903        4.529            0      372.161       86.473       78.172
      752        0.659        4.513            0      375.920       66.468       76.873
      753        0.634        4.498            0      372.558       56.671       76.429
      754        0.667        4.543            0      372.496       33.669       81.974
      755        0.663        4.532            0      375.083       45.194       76.586
      756        0.703        4.519            0      368.470       43.264       79.096
      757        0.589        4.529            0      370.402       50.495       76.976
      758        0.727        4.593            0      379.213       59.478       76.335
      759        0.788        4.500            0      375.119       50.997       78.598
      760        0.664        4.549            0      376.591       68.111       76.474
      761        0.615        4.526            0      372.203       42.311       78.371
      762        0.733        4.554            0      374.414       63.686       79.648
      763        0.650        4.535            0      372.215       47.536       74.389
      764        0.700        4.564            0      374.028       61.354       77.294
      765        0.622        4.579            0      374.476       46.533       75.684
      766        0.699        4.562            0      374.642       44.810       79.191
      767        0.717        4.558            0      372.654       39.792       81.287
      768        0.639        4.521            0      372.558       53.575       74.841
      769        0.684        4.572            0      375.202       61.715       77.347
      770        0.685        4.602            0      373.405       49.123       78.245
      771        0.705        4.525            0      369.139       59.380       78.665
      772        0.615        4.595            0      374.951       53.103       76.976
      773        0.758        4.522            0      374.049       61.511       78.006
      774        0.722        4.492            0      376.496       59.685       77.509
      775        0.747        4.497            0      372.684       64.154       77.412
      776        0.709        4.556            0      373.215       61.792       77.197
      777        0.706        4.504            0      371.597       61.133       80.049
      778        0.626        4.600            0      375.671       50.622       79.726
      779        0.786        4.463            0      368.940       30.016       80.962
      780        0.732        4.563            0      372.477       50.067       81.475
      781        0.667        4.480            0      371.735       46.341       77.852
      782        0.666        4.532            0      376.512       58.279       75.612
      783        0.652        4.523            0      374.893       58.683       76.912
      784        0.680        4.573            0      374.142       61.456       80.610
      785        0.735        4.564            0      375.126       74.117       76.039
      786        0.698        4.533            0      373.456       48.015       77.420
      787        0.800        4.575            0      369.586       58.048       77.909
      788        0.672        4.499            0      370.733       62.290       77.633
      789        0.721        4.531            0      376.385       56.852       74.995
      790        0.718        4.549            0      374.135       47.603       80.129
      791        0.734        4.542            0      375.262       54.841       79.380
      792        0.636        4.542            0      373.461       65.888       80.280
      793        0.692        4.531            0      371.851       58.200       79.462
      794        0.686        4.511            0      372.995       61.016       79.590
      795        0.738        4.542            0      374.669       42.955       79.956
      796        0.783        4.593            0      379.317       51.875       78.928
      797        0.733        4.560            0      377.940       78.789       79.542
      798        0.609        4.577            0      373.250       76.190       75.402
      799        0.694        4.565            0      374.200       54.720       78.007
      800        0.614        4.572            0      375.517       60.402       75.752
      801        0.675        4.553            0      375.731       56.681       78.833
      802        0.669        4.557            0      375.153       58.609       80.075
      803        0.715        4.528            0      372.677       65.121       76.571
      804        0.665        4.519            0      374.578       51.895       78.258
      805        0.600        4.562            0      375.581       57.944       78.233
      806        0.791        4.559            0      372.413       55.990       80.115
      807        0.727        4.534            0      370.769       65.203       76.572
      808        0.721        4.529            0      371.991       50.541       78.238
      809        0.684        4.570            0      375.896       57.314       76.409
      810        0.662        4.538            0      373.892       48.691       81.019
      811        0.612        4.596            0      373.681       55.189       77.919
      812        0.653        4.519            0      372.896       40.631       75.470
      813        0.684        4.547            0      370.484       52.981       79.038
      814        0.647        4.560            0      378.304       49.604       76.112
      815        0.624        4.578            0      375.573       52.874       79.058
      816        0.701        4.526            0      372.174       35.793       80.281
      817        0.713        4.568            0      373.011       52.260       77.338
      818        0.710        4.535            0      371.638       51.071       81.078
      819        0.635        4.592            0      374.387       39.479       80.384
      820        0.677        4.527            0      374.575       68.167       79.691
      821        0.786        4.575            0      377.451       56.532       80.011
      822        0.707        4.529            0      374.784       54.105       78.257
      823        0.776        4.586            0      372.887       53.999       79.751
      824        0.593        4.528            0      374.172       53.700       76.382
      825        0.765        4.509            0      372.894       66.246       78.266
      826        0.603        4.580            0      373.490       61.497       76.732
      827        0.753        4.557            0      372.365       55.844       78.637
      828        0.686        4.505            0      375.793       47.853       81.706
      829        0.802        4.489            0      374.874       74.325       78.625
      830        0.627        4.538            0      374.038       50.605       78.929
      831        0.635        4.535            0      371.272       46.265       78.053
      832        0.630        4.525            0      374.277       33.660       77.396
      833        0.721        4.532            0      373.199       67.085       78.545
      834        0.731        4.512            0      376.325       61.948       75.888
      835        0.725        4.476            0      370.633       54.591       82.088
      836        0.697        4.494            0      371.337       61.808       78.013
      837        0.685        4.513            0      373.847       60.848       76.572
      838        0.701        4.453            0      369.567       60.380       78.962
      839        0.590        4.563            0      375.512       49.617       75.794
      840        0.840        4.467            0      371.558       65.869       77.484
      841        0.627        4.542            0      373.004       46.307       76.600
      842        0.673        4.555            0      375.167       54.284       80.714
      843        0.615        4.557            0      372.193       50.165       78.636
      844        0.752        4.532            0      372.315       74.086       76.247
      845        0.667        4.568            0      373.314       56.370       77.177
      846        0.626        4.554            0      375.547       43.645       74.567
      847        0.664        4.532            0      371.000       67.319       81.642
      848        0.662        4.507            0      374.144       48.810       79.147
      849        0.696        4.549            0      373.362       50.973       77.305
      850        0.662        4.559            0      373.948       50.769       80.138
      851        0.805        4.565            0      369.998       72.038       79.863
      852        0.689        4.498            0      373.353       44.141       79.068
      853        0.570        4.568            0      374.291       50.697       78.345
      854        0.626        4.543            0      371.867       61.914       78.090
      855        0.697        4.558            0      374.421       62.958       78.030
      856        0.632        4.576            0      375.668       70.809       78.922
      857        0.656        4.513            0      370.066       38.024       79.356
      858        0.862        4.551            0      371.994       64.869       78.948
      859        0.676        4.555            0      373.734       52.545       75.942
      860        0.664        4.523            0      369.533       43.144       77.859
      861        0.838        4.524            0      369.069       87.210       76.013
      862        0.581        4.528            0      373.227       50.117       77.235
      863        0.882        4.540            0      371.864       65.343       79.472
      864        0.663        4.566            0      376.244       70.321       76.829
      865        0.673        4.541            0      373.869       61.197       77.843
      866        0.703        4.546            0      370.675       61.784       80.235
      867        0.707        4.527            0      377.686       84.310       75.805
      868        0.686        4.588            0      377.122       74.648       78.832
      869        0.792        4.567            0      372.151       77.398       80.302
      870        0.746        4.539            0      373.893       49.292       78.070
      871        0.757        4.516            0      369.089       56.218       79.961
      872        0.668        4.518            0      376.145       43.928       77.489
      873        0.678        4.554            0      372.305       46.767       79.914
      874        0.713        4.460            0      374.270       56.059       83.299
      875        0.752        4.510            0      375.284       84.254       77.084
      876        0.611        4.549            0      378.053       67.206       76.005
      877        0.728        4.504            0      374.879       54.373       77.630
      878        0.734        4.541            0      374.291       82.738       76.966
      879        0.647        4.580            0      375.981       45.406       79.383
      880        0.704        4.592            0      374.217       59.767       76.485
      881        0.775        4.488            0      373.544       64.700       82.186
      882        0.707        4.501            0      372.955       66.893       80.123
      883        0.682        4.591            0      375.333       78.392       80.868
      884        0.616        4.529            0      371.391       44.288       77.590
      885        0.705        4.546            0      376.808       61.922       78.445
      886        0.675        4.546            0      374.188       55.857       80.406
      887        0.672        4.588            0      374.748       41.932       80.861
      888        0.654        4.502            0      372.464       38.007       77.062
      889        0.642        4.581            0      373.468       40.269       79.931
      890        0.794        4.503            0      373.351       49.223       78.477
      891        0.706        4.497            0      373.729       60.145       80.794
      892        0.637        4.550            0      375.332       51.143       80.204
      893        0.704        4.529            0      372.086       49.918       78.198
      894        0.726        4.503            0      376.271       54.573       77.245
      895        0.725        4.496            0      373.565       48.540       81.026
      896        0.649        4.527            0      371.671       67.470       78.094
      897        0.710        4.487            0      373.074       66.963       80.288
      898        0.689        4.583            0      373.133       50.179       80.486
      899        0.684        4.537            0      373.311       39.760       75.268
      900        0.684        4.537            0      369.596       47.809       79.779
      901        0.691        4.578            0      377.006       61.662       77.750
      902        0.665        4.543            0      373.437       62.311       80.759
      903        0.643        4.584            0      376.417       71.034       73.838
      904        0.417        4.524            0      373.200       59.265       78.064
      905        0.712        4.449            0      372.443       52.251       80.606
      906        0.695        4.514            0      374.460       69.890       79.136
      907        0.601        4.530            0      371.477       56.449       78.180
      908        0.617        4.533            0      375.029       47.113       77.300
      909        0.679        4.499            0      373.529       64.407       78.476
      910        0.693        4.519            0      375.875       70.917       77.501
      911        0.612        4.579            0      371.733       46.170       77.724
      912        0.688        4.487            0      371.255       43.989       75.310
      913        0.822        4.448            0      374.971       55.738       79.392
      914        0.671        4.505            0      375.682       48.924       80.828
      915        0.713        4.511            0      370.776       57.771       80.791
      916        0.696        4.510            0      372.196       63.754       77.909
      917        0.800        4.600            0      372.686       61.191       81.012
      918        0.633        4.568            0      372.854       63.764       78.636
      919        0.720        4.502            0      372.574       68.439       77.935
      920        0.711        4.533            0      373.791       56.637       78.242
      921        0.727        4.504            0      372.796       67.835       80.652
      922        0.712        4.491            0      373.179       56.217       76.735
      923        0.795        4.531            0      372.021       59.096       81.573
      924        0.771        4.472            0      373.106       67.815       79.560
      925        0.776        4.489            0      375.607       68.569       76.576
      926        0.719        4.566            0      375.311       49.417       78.131
      927        0.645        4.499            0      371.110       57.678       77.875
      928        0.705        4.569            0      371.761       85.785       79.843
      929        0.661        4.525            0      370.753       45.183       77.868
      930        0.695        4.524            0      372.245       75.832       76.085
      931        0.646        4.492            0      373.462       60.536       77.452
      932        0.702        4.529            0      378.465       60.069       76.961
      933        0.654        4.543            0      373.579       66.718       78.076
      934        0.727        4.522            0      374.719       67.260       79.345
      935        0.600        4.550            0      374.123       68.292       77.806
      936        0.795        4.455            0      368.247       65.146       79.699
      937        0.694        4.483            0      370.856       49.562       78.601
      938        0.632        4.572            0      374.934       50.650       76.541
      939        0.694        4.497            0      373.408       72.259       76.610
      940        0.685        4.515            0      372.765       66.098       77.961
      941        0.656        4.504            0      373.483       58.969       80.685
      942        0.693        4.552            0      375.329       68.682       78.796
      943        0.724        4.519            0      371.740       72.626       77.566
      944        0.708        4.434            0      372.349       58.243       80.367
      945        0.619        4.512            0      372.390       66.747       83.967
      946        0.695        4.528            0      375.279       52.843       80.466
      947        0.728        4.520            0      372.237       85.008       82.240
      948        0.655        4.521            0      372.490       64.117       77.153
      949        0.725        4.523            0      376.052       83.131       81.867
      950        0.715        4.534            0      374.144       65.318       76.599
      951        0.595        4.548            0      373.770       63.203       75.785
      952        0.671        4.535            0      371.522       63.052       78.364
      953        0.654        4.534            0      375.546       53.833       80.565
      954        0.642        4.511            0      373.294       52.811       77.506
      955        0.756        4.537            0      375.315       51.725       77.821
      956        0.833        4.524            0      372.462       37.673       79.602
      957        0.648        4.569            0      375.750       60.347       78.129
      958        0.736        4.557            0      374.347       70.893       79.315
      959        0.688        4.502            0      370.815       76.998       76.146
      960        0.630        4.524            0      373.840       93.271       76.634
      961        0.654        4.515            0      375.208       55.776       79.542
      962        0.667        4.484            0      369.697       54.688       80.370
      963        0.744        4.504            0      375.867       65.677       78.532
      964        0.797        4.548            0      373.584       73.616       78.926
      965        0.803        4.511            0      375.212       73.443       80.536
      966        0.611        4.587            0      377.266       49.967       75.549
      967        0.669        4.488            0      371.451       55.256       76.535
      968        0.685        4.507            0      375.573       34.645       78.949
      969        0.653        4.545            0      371.733       39.486       79.957
      970        0.705        4.562            0      374.297       62.183       79.014
      971        0.738        4.566            0      372.444       60.284       79.559
      972        0.682        4.544            0      375.014       55.604       75.201
      973        0.647        4.601            0      376.773       64.282       79.788
      974        0.635        4.502            0      370.601       63.640       78.849
      975        0.695        4.490            0      373.957       74.843       77.461
      976        0.600        4.536            0      375.587       54.431       80.520
      977        0.703        4.502            0      376.534       47.232       76.776
      978        0.688        4.523            0      373.634       52.424       76.594
      979        0.659        4.558            0      375.281       43.637       79.036
      980        0.696        4.565            0      376.016       48.663       80.297
      981        0.739        4.478            0      371.731       59.757       77.565
      982        0.622        4.546            0      373.126       50.052       76.351
      983        0.616        4.542            0      374.458       44.518       75.733
      984        0.661        4.556            0      373.730       56.021       78.264
      985        0.700        4.534            0      371.776       56.717       77.685
      986        0.709        4.633            0      373.795       58.830       81.033
      987        0.800        4.517            0      372.385       79.509       81.954
      988        0.756        4.519            0      374.778       85.662       81.509
      989        0.701        4.569            0      376.601       56.424       75.448
      990        0.751        4.473            0      372.801       67.829       78.559
      991        0.816        4.620            0      380.509       76.311       78.802
      992        0.751        4.506            0      373.884       65.986       79.023
      993        0.677        4.609            0      378.092       67.650       77.854
      994        0.794        4.493            0      372.781       59.723       76.778
      995        0.661        4.587            0      374.344       52.969       77.829
      996        0.786        4.522            0      376.744       60.961       79.201
      997        0.735        4.559            0      377.231       52.872       79.179
      998        0.758        4.551            0      377.347       93.825       77.475
      999        0.716        4.483            0      373.250       62.104       80.325
     1000        0.659        4.579            0      374.606       61.703       76.043
