   # Atom# PDBResName  wrt_Protein   wrt_Ligand 
         1                   0.733        0.147
         2                   0.850        0.209
         3                   0.713        0.184
         4                   0.826        0.244
         5                   0.693        0.228
         6                   0.674        0.151
         7                   0.700        0.171
         8                   0.763        0.185
         9                   0.742        0.259
        10                   0.799        0.169
        11                   0.862        0.145
        12                   0.969        0.144
        13                   1.102        0.604
        14                   1.210        0.624
        15                   1.246        0.345
        16                   1.413        0.655
        17                   1.277        0.598
        18                   0.964        0.556
        19                   1.023        0.508
        20                   0.916        0.432
        21                   0.852        0.494
        22                   0.919        0.312
        23                   0.954        0.212
        24                   1.396        1.157
        25                   1.483        1.148
        26                   1.195        0.292
        27                   1.713        1.202
        28                   1.629        1.176
        29                   1.387        0.476
