## Torsion are defined with the following atomIDs:
# dihed1: ai= 31 aj= 27 ak= 3 al= 14
# dihed2: ai= 3 aj= 14 ak= 24 al= 8
# dihed3: ai= 14 aj= 24 ak= 8 al= 25
# dihed4: ai= 2 aj= 9 ak= 4 al= 15
# dihed5: ai= 9 aj= 4 ak= 15 al= 5
# dihed6: ai= 19 aj= 18 ak= 6 al= 20
# Frame#   dihed1   dihed2   dihed3   dihed4   dihed5   dihed6
0 -159.113 -106.660    1.643  156.997  -10.397  139.337
1 -103.349  -74.734  -18.715 -168.335   22.617  146.235
2 -120.478  -90.612   -3.090 -162.228    9.285 -125.486
3 -113.740  -72.051   -6.978  164.656  168.153  167.605
4 -123.817  -82.992   -0.591  162.703 -174.197  152.070
5 -121.737  -95.717  -12.488 -170.897  166.716  -70.491
6 -105.802  -77.719   -9.380  176.278  172.379  -62.597
7 -104.662  -88.750    3.815 -177.920  159.565   33.932
8 -127.429  -83.781  -24.714  167.859 -171.933   21.641
9 -100.956  -88.347  -22.355  162.183 -176.733   25.472
10 -133.484 -111.251  -11.616  150.360 -164.915   19.241
11 -130.398 -110.286    7.574  168.512  172.610   11.497
12 -114.529  -78.996   -9.192  166.837  160.813   53.296
13 -117.819  -78.404   -7.997  147.061 -140.292   -1.680
14 -130.065 -115.730    6.171  152.717 -172.186   42.824
15 -125.941  -76.095  -18.665  171.980 -163.662   -5.758
16 -122.461  -87.760  -24.469  174.045  174.231   25.897
17 -118.806  -93.371    8.018  171.223  175.705   20.885
18 -132.197  -71.235  -17.868  167.326 -172.424   -1.574
19 -117.061  -82.313    2.282  147.380 -173.526   68.812
20 -100.131 -113.221    9.195  167.887 -151.272   -1.127
21 -122.292  -74.905  -14.843 -168.524  169.289  157.319
22 -113.818 -122.745    3.184 -176.190  162.393 -151.592
23 -110.920 -113.952    0.303 -161.467  155.885 -152.153
24 -125.972  -67.954  -17.122  176.687 -157.830 -167.255
25 -101.719 -131.914  -14.024 -174.105  156.849  166.419
26 -120.794 -116.780   24.526 -166.602  159.480 -142.645
27 -108.370  -61.370  -14.969  177.269  157.153 -125.916
28 -130.702  -81.023   -7.565 -175.422 -176.633  160.447
29 -107.698  -80.121  -11.536 -155.488  153.871 -155.558
30 -132.118  -93.628   -0.876 -176.594 -167.828   36.558
31 -129.934  -80.449  -13.512  174.487 -142.639  -15.737
32 -137.656 -129.661   34.177  164.937 -179.348   30.587
33 -103.408  -79.268  -15.182  169.669 -164.897  -19.494
34 -112.775  -85.645   -6.132  157.625 -172.824  -17.319
35 -116.694  -92.886   -9.660  159.058 -152.910   -5.896
36 -112.313  -88.618    1.423  154.554 -175.364   22.198
37 -132.512 -119.719   19.365  167.039 -132.299  -17.189
38 -128.315  -98.960   13.270  164.701 -158.806    8.635
39 -129.634 -100.613   10.542  178.838 -156.270  -22.432
40 -111.768  -65.372  -15.243  163.249 -155.856   -8.835
41 -120.580  -78.373    1.128  179.621 -179.477   22.458
42 -129.544  -76.120  -17.858  166.193 -177.462   16.250
43 -114.630  -69.652   -8.385  166.163 -177.144  -37.946
44 -128.810  -83.600   -5.868  138.947 -150.443   -0.012
45 -120.891  -89.194   -6.046  174.060 -170.541   11.966
46 -128.345  -83.062   -2.001  150.982 -177.052   19.365
47 -119.718  -86.975   -1.948  165.802 -170.914    0.366
48 -110.235  -83.302  -26.080  149.645 -175.268   13.464
49 -117.800 -109.474    7.983  160.438 -173.197    8.035
50 -133.830  -65.978  -34.096  139.089 -131.920   -6.279
51 -122.709  -86.383   -7.901  158.763 -149.546  -25.007
52 -118.458 -119.086   -5.085  173.481  178.801   22.289
53 -126.100  -88.490   15.900  170.142  179.016   18.133
54 -116.011  -70.105   -1.785  146.845 -178.996   36.777
55 -130.797 -113.724    9.780 -165.499  177.441   14.340
56 -123.321  -74.035  -12.510  172.613 -162.337   -0.517
57 -123.394  -73.228   -6.482  155.128 -145.565  -19.701
58 -122.528  -74.108  -10.017  154.525 -175.118   26.527
59 -113.685  -76.160   13.458  148.543 -175.452   37.282
60 -126.954  -78.908   -4.626  158.363 -165.563    5.245
61 -112.114  -85.255  -12.915 -178.518 -158.842  -12.248
62 -137.626  -96.435    1.074  156.863 -150.219   -8.150
63 -138.476  -98.202   -9.046  171.322 -146.482   -9.591
64 -131.146 -127.223   18.137 -173.053 -172.632   -4.512
65 -108.632  -85.155    5.300  179.510 -173.535  -16.158
66 -138.043  -89.949    6.587  143.190 -141.618  -19.449
67 -120.236  -90.206  -11.640  161.591 -161.093  -18.650
68  -96.413 -115.987   10.172  177.911 -158.261  -14.723
69 -138.514  -78.859    6.073  160.219  170.057   41.088
70 -119.158  -77.828  -11.577  156.659  173.538   -7.093
71  -92.185 -121.772   19.625  162.012 -146.511  -30.197
72  -75.391 -123.580   24.718  160.778 -158.246    5.724
73 -102.301 -133.370   -2.112  174.121 -177.673   12.128
74 -124.629  -89.316   -6.738  167.155 -151.713   -3.634
75 -137.787  -99.204    5.094  167.515 -160.965   -3.797
76 -132.868  -89.952   -1.790  166.298 -174.267  -17.234
77 -110.112 -137.636   22.120  168.604 -143.170  -25.034
78 -109.192 -128.716   10.815  161.092 -139.916    4.704
79 -109.991 -132.064   22.927  158.445 -147.248  -13.486
80  -89.016 -130.847   24.473  160.550 -144.624  -67.244
81 -103.417 -116.513   -0.562  170.157  172.247    8.603
82 -119.264 -121.280   23.613  161.455  166.150   56.635
83 -107.635 -129.369   -3.382  142.340 -164.187   46.979
84 -113.377 -137.355    5.389 -173.534  152.424   21.295
85  -91.033 -137.442   22.402  168.780  176.568   29.327
86  -94.558 -126.643    5.559  178.557  162.144   37.326
87 -106.904  -69.725  -12.988  152.421 -176.465    5.407
88 -100.884 -135.541   -3.219  154.783 -166.858   57.202
89 -119.373  -76.026  -27.788  175.036  159.427   37.445
90 -120.639  -75.422   -2.316  178.035 -158.003   -1.640
91 -117.472 -135.317    4.286  173.251 -175.826   12.008
92 -112.476  -70.404  -28.064  177.808 -169.071   -3.498
93 -115.130  -81.462   -2.602  158.520 -167.770    4.209
94 -130.499  -88.636   17.733  159.890 -136.859  -17.570
95 -137.497  -91.411  -11.688 -174.714 -172.021  -14.080
96 -130.697  -78.177   -7.774  161.380 -160.082  -10.857
97 -139.382  -96.859  -16.915  171.626  166.350   16.516
98 -115.595 -147.517   36.297  173.981  152.905   49.215
99 -141.348  -69.742  -39.220  170.553  168.520   12.297
100 -116.576 -133.781   31.622  169.579 -147.528   -9.161
101  -91.415 -142.293   -8.203  179.961 -179.664   18.851
102 -125.750 -146.895   14.166  161.027 -168.969   46.314
103  -94.646 -130.857   12.119  167.389 -176.495   10.756
104  -90.146 -129.989   26.896  157.785 -150.823  -20.727
105  -87.767 -127.337   43.037  164.972  159.035   32.587
106  -99.470  -83.961   14.519  161.636 -129.937  -24.388
107 -125.307 -106.789   -4.680  159.063 -144.694  -20.322
108  -99.776 -134.694    0.933  161.827  179.018  -64.325
109 -105.033 -136.502    6.165  151.859 -160.376    6.963
110  -98.592 -132.939   -4.463  171.782 -179.644   28.031
111 -109.026 -144.695   12.325  171.719 -148.870   18.942
112  -96.524 -125.178   20.629  170.775 -175.200   41.996
113  -90.705 -106.990  -17.727  145.010  176.337   43.820
114 -101.791 -141.531   -1.976 -167.233 -171.167  -18.172
115  -91.696 -103.773   -1.332 -155.857  176.440  -23.135
116 -105.225 -133.267   -7.180 -176.298  176.162 -149.029
117 -103.020 -132.165   13.429 -178.588  143.585 -115.862
118  -87.948 -122.727    5.035  167.560 -152.368 -124.375
119  -95.051 -123.792    6.839 -172.021  168.911  -43.207
120  -99.310 -126.002   -7.008 -170.660  158.557  -26.358
121 -111.513 -129.335    4.657 -178.736  158.776  -28.201
122 -107.543 -135.515   13.291 -174.204 -163.398  -11.604
123 -115.474 -135.783   12.044 -172.891  144.319   46.244
124 -101.150 -139.574   -8.538  158.626 -164.280   -4.900
125 -115.283 -142.067   38.835  160.062  170.588   19.613
126 -102.894 -158.826   48.983 -170.976 -169.726   22.813
127 -116.617 -119.845    9.761 -178.990  156.801   40.191
128  -87.936 -133.729   14.143 -179.592 -168.582   69.929
129  -88.589 -131.649   -5.310  166.163 -173.638  -23.351
130  -96.314 -143.461   38.128 -174.134  178.657  -87.272
131 -103.746 -120.032    5.070 -168.890 -178.801  -16.903
132 -124.423 -138.439    9.482  178.510  148.887   63.400
133 -130.468  -94.268  -20.313  174.173 -141.889  -16.236
134  -96.306 -130.986    4.286  177.794  169.445   50.315
135 -114.218 -141.590   15.063  173.039 -162.490    0.182
136 -106.417 -135.712   14.351  179.767 -162.248    7.978
137 -109.787 -141.892   14.441 -175.102  161.322 -120.772
138 -101.394 -118.867   -3.676  177.808 -170.309 -138.365
139  -96.845  -92.533  -25.172  171.095  164.192  124.014
140 -132.550  -91.773  -17.225  154.042 -157.469  -36.123
141 -114.122 -135.382   15.178  164.272 -174.898   18.179
142 -104.195 -113.094  -17.212 -170.255 -177.334  -13.016
143 -127.367  -90.755  -13.866  173.464 -135.874  -20.371
144 -108.100 -123.099    9.713  173.576  171.702   37.083
145 -103.753 -132.643   14.881  174.070 -174.205  -22.532
146 -102.495 -142.767   -7.066 -163.804  142.187  -15.301
147 -108.958 -127.586   17.627 -164.544  141.117   35.323
148  -81.945 -139.026    9.203  172.027  147.655   44.541
149 -100.998 -128.665    5.118 -178.218 -176.695  -46.026
150 -114.798 -136.703   14.356 -176.593  173.013   60.355
151  -99.760 -139.085    0.849  154.998 -167.826  171.675
152  -97.183 -136.072   13.353  151.889  171.011  175.698
153 -117.726  -64.826  -31.540  165.149 -168.825 -130.767
154 -100.762 -143.669   22.093 -161.457  167.587  150.528
155 -110.220 -145.121   18.145 -172.917  174.657  149.295
156 -124.081  -76.166   -0.646 -148.975  152.377  -21.523
157  -89.209 -128.207    2.078  173.110 -174.473  -43.790
158 -110.692 -126.839    6.883  168.049  159.422   13.360
159 -107.261 -119.206   16.808  175.380 -149.568  -12.756
160 -110.923 -110.385  -35.452  175.115 -147.673  -13.383
161 -114.446  -74.798   -4.257  171.181 -158.221  -12.188
162 -127.604  -96.228    6.885  178.429 -164.095  -16.823
163  -98.075  -97.067   -3.420  174.557 -179.472   14.584
164 -127.880  -99.526   12.829  178.632 -166.516   -4.589
165 -107.660 -114.616    3.885  154.112 -130.575  -37.755
166 -116.303 -137.963   17.584  164.694  163.445    6.875
167 -102.055 -133.102   23.220 -170.847 -158.799  -36.175
168 -116.976  -94.044    4.538  139.804 -131.271  -12.005
169 -135.745  -75.798  -22.110  147.743 -140.670    3.175
170 -135.420  -62.421  -39.940  168.901 -171.960   43.274
171 -118.989 -107.034   14.500  158.096 -150.530   -9.169
172 -100.116 -121.484   27.630  176.333 -147.661    1.410
173 -102.568 -144.267   29.114 -178.543  164.230   48.323
174  -94.023 -128.223   17.171 -178.538  178.970   29.672
175 -109.865  -82.518  -10.692  161.149 -126.626  -14.199
176 -125.956 -100.787    1.414  177.989  166.838  -27.641
177 -111.885 -123.026   23.468  168.910 -179.766  -48.402
178  -91.471 -117.120    7.217  168.935  163.981  -32.644
179 -100.078 -138.273    8.768  176.389  168.986  -30.636
180  -98.143 -123.079    5.506  175.841  171.912   59.722
181  -92.953 -133.202   17.837 -172.781 -177.063   -5.036
182  -97.817 -146.487   22.402 -175.057  165.795   63.460
183 -116.924  -78.186  -12.473  170.867 -177.325   -0.369
184 -106.663  -70.905   -8.979  166.104 -160.946  -24.936
185 -122.586  -79.598   -3.759 -179.730  168.092   33.025
186 -135.920  -98.922    1.920 -173.453  166.190   27.820
187 -131.683  -86.010    6.731  175.697 -168.291   13.636
188 -119.207  -79.485  -18.593  167.600 -177.839   -2.823
189 -130.588  -96.833   -1.035 -174.669  170.732   25.153
190 -132.824 -121.687   12.848  170.923 -158.794   15.620
191 -128.968  -87.368    1.480  160.646 -171.618   -2.271
192 -122.941 -108.052   -5.670  150.422 -142.647   -4.130
193 -104.249 -132.844   11.229 -177.010  161.533   54.568
194 -135.772 -120.907   16.794  171.869  164.667   21.408
195 -135.173  -99.934    3.157  162.961 -176.240   12.725
196 -131.188  -90.999   -8.569  167.842 -161.216   -5.036
197 -120.034 -154.704   29.937  159.460 -160.614   20.102
198  -83.244 -137.929   11.843  152.316 -173.234   54.502
199 -142.365  -91.890  -11.452  178.111 -161.845   -0.066
200 -127.763 -104.799   -0.632  162.523 -171.420    9.618
201 -124.327 -126.072   17.964 -175.766  170.492    7.310
202 -102.665 -139.244   26.371  171.921  165.633   28.928
203  -91.094 -134.456    1.118  155.440  178.425   65.263
204  -92.591 -131.588   -9.022  168.399  155.576   72.313
205 -104.972 -111.949    0.299  169.288  170.125 -106.365
206 -119.812  -81.709   -7.101  163.042 -177.507 -163.700
207 -133.141 -104.352   -3.830  159.750 -175.190  -35.207
208 -102.182 -132.151    9.499  176.412 -178.446   24.793
209  -99.847 -117.042   -6.498  162.901  175.304   27.780
210 -109.479  -76.562   -1.766  155.375 -138.836  -12.826
211 -116.655 -119.602    1.127  173.549  171.120   11.260
212 -128.617 -100.966    6.800  176.906 -158.652   -0.441
213 -107.608  -88.616  -20.391  171.930 -162.546   -3.638
214 -116.208  -74.209  -18.681  166.700  159.666   22.546
215 -122.224  -92.910   -3.209 -171.313 -170.356  -21.032
216 -107.872 -117.059  -13.042  153.010 -178.912   16.089
217 -134.901 -112.629    4.716 -164.218  155.889   15.920
218 -107.246  -81.460   -2.614  177.441  155.217   57.907
219 -124.888  -73.030   -8.911  157.204 -159.956   16.586
220 -121.923 -114.534   -0.945  175.056 -173.640 -131.582
221 -119.698 -122.053  -23.461 -175.348 -176.523 -134.508
222 -131.187 -127.522   13.633 -167.745 -168.439 -162.220
223 -100.047 -130.606   -3.998  170.409  171.134   43.853
224 -101.740 -130.341   -9.925  137.731 -172.642   42.564
225 -106.497 -131.599   -9.225  173.397 -170.559  -14.974
226 -122.071 -134.535  -20.874  176.149  151.483   40.864
227 -103.921 -130.898   11.811 -167.997  155.512   35.272
228 -105.730 -115.609    8.475  174.729  154.339   56.788
229 -128.390 -124.166    0.499  164.250  146.357   53.681
230 -110.263 -106.211   -5.841  166.792  147.972   88.449
231 -100.031 -142.165   32.494  160.243  165.837   17.310
232  -98.779 -134.322   12.781  178.154  168.251   63.690
233  -97.217 -121.660    2.450 -171.962  170.933 -130.372
234  -98.022 -115.516   -7.805  165.164 -147.971  157.671
235 -128.724 -120.473    7.123  175.189 -145.839  129.021
236 -112.806 -123.472   13.131  170.209 -152.388  138.819
237 -112.383 -127.862   11.123  173.489 -145.240  158.673
238 -125.997 -127.720   25.049 -178.378 -150.150 -117.707
239 -106.806 -144.073   33.218  154.199 -157.821 -176.980
240 -124.633 -134.261    6.393  163.438 -144.020  138.521
241 -105.304 -117.865   24.046 -172.189  154.143  160.854
242 -104.328 -114.511    5.062 -163.391  164.285  145.846
243 -112.458 -115.935    1.591 -169.490 -156.347  119.580
244 -100.940 -116.714    1.456 -174.648 -162.787  135.512
245  -87.162 -126.866   13.232 -171.695  147.341   62.757
246 -106.995 -126.320    4.003 -159.607  131.074   16.471
247  -88.272 -129.720   18.925  174.415 -160.319   25.635
248  -96.887 -146.594   26.468 -168.330 -176.924  163.870
249  -99.100 -129.822    9.936 -168.911  152.977  -62.491
250 -117.516 -107.801    0.567 -168.675  167.595  164.486
251 -130.472  -58.924  -19.093 -166.856  145.200   12.885
252  -93.909 -121.283   19.767  164.779  168.906   25.376
253 -101.063 -114.131    7.746 -173.008  164.329  -32.359
254  -95.715 -134.467    8.065  161.991  164.797   47.365
255 -106.565 -129.077   22.864 -165.361 -175.404  -38.261
256 -100.039 -138.823   25.279  179.799 -175.816  152.132
257  -88.668 -129.639    1.864 -167.595  167.618  -36.476
258 -109.878 -131.564    4.729  165.557 -170.884  -56.413
259 -106.239 -149.673   13.983  175.323 -173.438 -124.392
260 -121.020 -132.772   15.804 -171.104  170.058 -116.800
261  -98.103 -146.693   33.182  178.021  173.404  166.971
262 -113.153 -123.695    0.967  179.304  178.140 -168.683
263  -86.821 -109.577   -7.092  170.922 -174.299  130.141
264 -112.808 -128.650    7.022  163.340 -166.895  142.344
265 -108.141 -141.953    6.616 -171.272 -168.747  126.525
266 -114.026 -131.061   11.677  177.690 -153.430  117.586
267 -122.737  -73.041  -13.988  155.432 -176.354  171.342
268 -122.657 -147.053   19.402  173.487 -178.126  160.484
269 -128.245 -144.184   24.018 -174.955 -177.881  157.404
270 -102.353 -135.211   18.045  159.831 -129.809  118.215
271 -107.916 -128.073   15.078  161.230 -143.547  130.115
272  -93.654 -126.036   13.643 -163.573  155.826  172.932
273 -101.956 -136.584   29.124  173.550 -156.025  128.594
274 -114.574 -131.465   21.247  166.275 -159.764  130.868
275  -88.866 -122.165   -0.234 -170.784  179.195  119.216
276 -100.165 -136.691   17.000  173.040 -152.501  132.801
277  -97.431 -121.567   -9.239  165.015 -171.275 -143.010
278 -102.267 -115.930    0.255  163.040 -142.255  106.285
279 -103.980 -122.760   -9.645  166.756 -149.267  157.326
280  -89.319 -130.829   11.636  157.592 -145.028  158.827
281 -116.532 -136.910    2.332 -150.052  142.538  115.513
282 -102.580 -122.763   -0.017  143.157  171.685  161.295
283 -102.893 -147.576   28.067  179.962 -151.346  141.447
284 -110.660 -123.020    7.994 -170.440  146.380 -176.329
285 -105.151  -75.120  -19.547  161.374 -147.260  130.081
286 -113.179  -74.727  -15.018 -172.760  178.291  140.955
287 -103.215 -133.394    8.384  156.414 -142.332  137.628
288  -95.954 -114.405    9.085  157.351 -170.299  152.872
289 -133.070 -105.525    7.664  173.469 -156.057  121.516
290 -112.468  -71.024  -11.886  168.974 -156.998  130.158
291  -92.358 -134.914    9.419  177.138 -147.402  146.783
292 -119.369 -131.468    5.264  146.565 -150.341  168.689
293 -117.912  -68.456  -25.843  153.929 -144.727  126.740
294 -117.163 -118.788   14.005  155.911 -169.295  155.209
295 -133.806  -99.772    6.544  160.857  176.453 -179.865
296 -111.006 -137.469   26.027  166.695 -159.710  149.597
297 -141.211 -128.924   29.273  158.960  176.652 -177.372
298 -128.198  -95.426   -9.416  164.151 -168.130  151.182
299 -133.277  -81.862  -19.523  162.299 -173.639  173.085
300 -142.272  -88.754   -8.258  164.801 -171.994 -175.788
301 -128.633  -80.041  -18.628  163.999 -178.978 -170.754
302 -124.936  -78.155  -24.236  164.767 -160.005  145.080
303 -132.367  -71.823  -33.153  153.893 -166.317  167.610
304 -125.635  -82.410   -3.497  174.977 -172.073  171.009
305 -135.470 -100.660    4.729  175.719  163.165 -173.831
306 -111.404  -77.218   -4.387  165.850 -172.504  154.670
307 -120.151  -69.458   -9.969  160.945  177.992  175.887
308 -130.097  -82.503   -2.557  152.025 -169.773  157.772
309 -107.895  -66.870   -6.689  171.196  179.818  171.889
310 -114.382  -83.574   -8.213  162.878 -165.891  147.425
311 -121.197 -122.942   -2.248  170.662 -152.197  159.413
312 -138.028  -88.262  -13.592  151.057 -171.311  150.191
313 -116.967  -58.891  -12.551  159.310 -172.226  176.147
314 -139.981 -114.585   18.917  167.338  164.142 -175.407
315 -117.028 -124.397   -3.626  159.613  175.367 -171.266
316 -118.868  -83.307  -19.398  156.219  172.181  173.052
317 -112.962  -73.771   -3.523  157.466 -159.589  166.306
318 -143.231 -114.285    4.843  158.868 -160.673  138.636
319 -132.286  -82.656   -0.046  171.971  160.302 -175.807
320 -118.933  -87.062   -0.054  160.624 -172.283  132.004
321 -128.956  -78.121    0.113  160.448 -153.023  139.475
322 -116.758  -69.513   -3.548  144.962 -169.212  179.590
323 -129.923 -112.996   20.862  170.489 -155.117  156.135
324 -122.744  -95.145  -12.570  176.626 -167.021  132.207
325 -139.965  -96.705    2.112  166.143 -164.873  158.900
326 -112.833 -100.847   10.861  176.335 -149.279  130.018
327 -125.654 -107.501    1.521  145.716  173.177  175.866
328 -117.792 -109.142    7.425  143.040 -173.839  172.751
329 -121.148 -106.073    4.061 -179.525 -175.864  135.025
330 -138.426 -124.915   22.829  153.912 -142.464  154.196
331  -94.206  -77.957   -1.605  165.062  163.121  175.247
332 -126.675 -100.159    6.207  168.495  154.832 -156.581
333 -127.228 -105.074   24.596  163.997 -162.628  155.969
334 -120.190  -74.629  -14.892  158.811  179.538  164.327
335 -146.598 -121.619   15.998  168.864 -167.287  168.807
336 -158.138 -106.017    5.862  172.180  170.156  175.813
337 -128.511 -133.935   37.917  171.409  164.397 -170.805
338 -132.005 -103.837    5.233  162.150 -178.834 -174.631
339 -113.271 -112.910    5.869  171.666  163.746 -164.533
340 -120.227  -92.584  -14.139  172.333  171.185 -178.364
341 -140.651  -88.514  -18.006  170.050 -167.582  150.601
342 -122.662  -89.021   -1.367  164.675  179.493  168.541
343 -138.491 -105.240   -0.370  154.248 -148.763  144.538
344 -116.445  -96.150   -0.499  163.129  163.692 -160.482
345 -128.166 -110.661    0.762  165.504  169.541 -177.343
346 -120.314  -73.191   -6.799  164.863 -151.380  129.240
347 -122.584  -86.760   -5.486  161.090 -163.698  178.178
348 -131.168  -97.037   -5.720  160.923 -172.546  156.420
349 -115.427  -71.849  -23.794  153.911  179.186  124.947
350 -124.406  -90.143   -2.259  159.474  164.850  124.770
351 -128.679  -78.513   -7.258  168.128 -176.377  157.640
352 -106.639  -71.669  -15.109  155.920  169.443  176.545
353 -119.008  -71.483  -20.820  141.476 -167.283  164.802
354 -117.973  -80.160    1.024  159.603 -172.574  153.877
355 -125.816  -93.901    0.513  165.154  172.180  170.693
356 -117.908  -80.302    3.369  175.888 -175.165  144.963
357 -104.101 -108.323   27.910  179.899 -173.601  132.858
358 -101.333  -78.327  -10.053  166.340 -143.808  127.540
359 -115.336  -74.529  -10.896  154.613 -165.950 -179.498
360 -137.607  -76.784  -18.713  167.640 -175.985  161.560
361 -104.424 -125.582   14.034  162.039 -172.251  175.788
362 -120.011  -84.106    4.836  178.565  174.794 -127.163
363 -116.999  -96.870   -1.303 -158.844  147.860  139.483
364 -138.419  -79.772  -18.545  162.996 -150.107  128.066
365 -117.091  -78.265  -21.297  155.670 -146.403  116.500
366 -116.859  -75.232   -5.588  151.659  176.103  168.571
367 -130.529  -77.186  -10.601  169.675 -160.343  141.495
368 -120.758  -84.016  -11.054  155.130 -178.965  172.462
369 -115.832  -69.084   -4.533  174.739  163.307  145.960
370 -121.644  -72.693   -6.570  171.582  169.657  168.698
371 -123.683  -95.804    4.410  141.861 -159.807  163.804
372 -123.969  -93.714    0.618  157.347 -170.650  151.181
373 -124.244  -59.603  -33.298  151.700 -163.293  159.922
374 -122.749  -88.392  -25.163  167.538  179.005  157.021
375 -106.338  -63.839  -15.849  164.539 -157.717  158.622
376 -109.451  -73.169   -6.248  161.315 -153.440  139.082
377 -131.783 -100.788    5.765  163.227 -178.010  173.758
378 -140.753  -85.375  -13.554  164.618  171.814 -177.701
379 -110.665  -61.476  -34.835  163.014 -163.903  133.865
380 -112.012  -71.509   19.194  170.735  157.538  168.529
381 -129.622 -132.747    1.732  170.558  177.396 -162.925
382 -125.601 -109.603    9.202  166.130 -176.771  156.653
383 -129.650  -96.403    0.351 -178.727 -174.305  149.482
384 -140.484  -77.557  -20.937  164.528 -176.510  165.656
385  -99.683 -113.679    2.453 -179.336  155.464  174.305
386 -124.341  -65.825  -12.079 -174.003  177.225  167.831
387 -119.532  -77.990   -8.314  176.326  161.719 -173.929
388 -103.798  -64.016  -14.139  161.934  169.819  177.125
389 -117.554  -78.573   -6.011  163.243 -160.772  153.267
390 -124.629  -76.142  -32.422  166.289 -175.189 -170.501
391  -94.080  -71.362  -10.477  138.754 -161.926  169.231
392 -130.301  -65.848   -4.916  162.839 -176.476  170.354
393 -119.228  -66.210  -11.913  149.772 -178.008  177.691
394 -128.689  -77.304  -13.915  167.414  170.114  164.726
395 -139.397  -78.721   -0.330  148.612 -165.052  170.180
396 -123.682  -93.912  -12.695 -174.688  165.658  158.031
397 -134.175  -87.123    8.793  169.414  169.998  137.797
398 -134.507 -107.157    5.744  165.112  174.169  156.568
399 -131.155  -79.035  -13.838  146.332 -173.554  167.643
400 -120.331  -95.221  -11.647  176.787  165.294 -177.231
401 -117.310 -113.392    7.601  163.756 -174.865  158.460
402 -124.337  -73.230  -20.324  161.550 -156.590  140.164
403 -115.099  -85.204    7.012  139.674  178.323 -153.170
404 -104.700  -65.156   -3.243 -167.187  149.684 -157.013
405 -136.308 -101.466    6.267  159.112 -161.913  142.771
406 -109.406  -80.887   16.629  139.151 -154.498  137.194
407 -111.313  -72.488   -4.604  165.561  171.041  171.311
408 -130.532  -77.061   -8.231  170.489 -160.220  137.048
409 -115.675  -63.306  -24.441  164.160  179.706  171.389
410 -121.809 -125.692   19.080  160.293 -142.029  144.626
411 -117.481  -92.016    6.111  149.668 -154.739  152.806
412 -114.328  -89.296   -7.603  142.453 -176.585 -173.195
413 -113.377  -76.163    2.100  150.610 -164.419  125.164
414 -123.835 -128.155   17.754  174.445 -161.101  135.959
415 -109.314  -80.520    8.098  152.572 -177.009  166.993
416 -114.925  -91.777   -1.087  164.448  178.194  145.195
417 -114.016  -62.618  -31.249  168.131  164.880  171.008
418 -135.534  -84.903  -34.194  152.597 -171.798  174.049
419 -134.007  -71.943  -22.446  172.623  178.443  162.556
420 -129.902  -73.795  -15.830 -166.626 -172.214  128.321
421 -113.199  -71.784   -8.603  177.398  179.589 -139.630
422 -107.754 -100.121    9.650  157.601  179.141  170.440
423 -102.835  -70.912   -9.722  173.807  165.724 -168.719
424 -122.987  -70.979  -22.602  175.860  169.715  144.892
425 -124.505  -73.406   -6.230  149.856  173.833  178.072
426 -126.828 -115.446   17.377 -170.739  155.477  168.890
427 -124.372  -78.074  -16.852  162.848 -176.754  157.628
428 -114.339  -72.506   -9.113  168.169 -175.415  157.255
429 -129.091  -81.625   -3.545  157.205  155.663 -176.181
430 -116.891  -86.053    8.993  152.494  175.050  176.764
431 -110.298 -125.158    9.386  172.947  172.463  153.968
432  -92.165  -68.861  -13.534  161.868  170.288 -151.849
433 -127.395  -80.930  -11.902  159.042 -177.922  178.067
434 -104.935  -62.411  -21.327  155.469 -149.970  122.306
435 -108.975  -73.217  -16.990  165.576  178.004  154.755
436 -107.200  -65.662   -9.307  168.802  170.843 -161.569
437 -119.496  -76.035  -14.020  160.136  176.590  152.723
438 -115.435  -79.617   -0.998  158.428  179.738 -176.246
439 -132.797  -73.342  -10.191  156.132 -166.987  166.132
440 -149.120 -125.421    2.704 -174.499 -170.046  166.609
441 -105.621  -87.683    8.508  164.831 -173.695  146.259
442 -131.677  -70.243  -25.411  152.201  162.318  174.290
443 -127.155  -91.375  -26.007 -172.645  175.432  150.125
444 -121.844  -79.007   -9.202  157.312  166.424  173.406
445 -109.169  -67.401  -14.120  155.976  173.239  175.415
446 -136.616 -105.236   -3.541 -174.718  161.161  135.017
447 -118.675  -98.320   -7.318  147.278 -138.127  145.201
448 -122.479  -85.812  -12.275  163.376  165.779  179.154
449 -128.152 -107.739    4.020  165.108 -172.903  162.612
450 -117.279  -73.292   -0.181  159.964  164.028  164.178
451 -119.027 -117.285  -10.739  177.570  161.411 -166.756
452 -132.456  -97.337   -2.260  152.305 -163.038  179.881
453 -135.687 -110.360   -0.604 -163.134  177.867  138.691
454 -128.478  -73.751  -22.465  171.943 -175.136  159.376
455 -125.860  -75.407  -10.273  160.992 -159.859  141.574
456 -122.691 -116.494    5.446 -171.576  176.202 -149.216
457 -111.586  -73.529  -18.350  158.143  173.410  143.305
458 -111.514  -82.182  -11.701  165.991  168.332  152.255
459 -121.890  -74.514  -27.841  161.586 -176.580  166.737
460 -117.068  -67.261  -14.108  144.127 -155.156 -177.632
461  -94.049 -125.799    9.646  173.793  154.170 -157.737
462 -122.327  -76.435  -14.833  158.133  175.635 -166.367
463 -119.597 -120.816   18.592  139.221 -162.478 -171.119
464 -122.115  -64.181  -16.513  168.664 -146.653  137.840
465 -120.063 -112.380   14.554  165.845  159.845  175.506
466 -111.979  -95.206   -4.635  162.621  159.743 -159.637
467 -115.098  -99.559    3.793  165.166 -158.610  152.241
468 -126.371  -77.540  -14.185  160.946 -172.433  165.681
469 -117.443  -93.161    4.176  145.579 -172.455  132.756
470 -127.085  -86.415   -4.296 -179.768  179.596  170.891
471 -126.159  -67.026  -30.601  176.727  177.459  152.313
472 -123.031  -97.103   -5.234  162.675  171.523 -173.605
473 -137.353 -104.545   -9.733  169.362 -169.066  168.796
474 -119.433  -74.682   -8.506  154.768 -174.307 -162.789
475 -114.458  -84.595  -16.045  179.878  169.005  174.333
476 -123.251  -78.382  -10.677  150.308 -142.308  151.516
477 -126.507  -94.127  -17.322  163.626  178.632  153.058
478 -131.542  -87.572  -18.509  165.755  179.540  147.836
479 -134.785  -79.883  -18.590  164.327 -177.210  172.082
480 -119.550  -81.374  -17.747  151.964 -143.802  141.563
481 -144.292 -100.810    8.553  160.587 -158.192  153.420
482 -112.974  -70.714   -8.294 -165.886  165.007 -169.173
483 -124.221  -92.210  -10.049  170.728 -175.048  118.744
484 -126.846  -67.556  -15.554  170.178 -170.221  149.321
485 -116.347  -74.276   -1.435  141.983  166.676 -160.087
486 -127.492  -87.001    1.964  157.802 -141.945  119.658
487 -100.759 -103.184   -0.033  165.241 -152.465  127.984
488 -102.736  -65.117  -21.517  162.262 -131.890  114.615
489 -131.465  -74.756  -22.236 -174.358 -156.028  100.199
490 -112.203  -86.877   -4.692  167.552 -143.107  133.749
491 -139.227  -94.409   -5.909  173.042 -145.520  117.723
492 -137.626 -100.493  -18.941 -175.123  179.076  125.470
493 -123.939 -100.591  -13.774  177.395 -169.456  142.914
494 -116.859  -73.756    2.035  159.822 -149.953  116.226
495 -133.470  -82.863   -6.964  171.957 -150.352  143.665
496 -103.193  -70.945    0.555  152.915 -133.515  139.904
497 -121.164 -115.228    0.645  170.581 -144.339  136.131
498 -112.420  -77.451   10.846  174.205 -161.898  147.834
499 -126.938  -79.302   -8.631 -179.208 -165.243  114.418
500  -78.228  -85.040   -2.588  175.839 -167.551  130.727
501 -127.134  -93.581   -5.163 -165.856 -160.958  121.195
502 -118.632  -77.542   -3.984  170.561  158.298 -177.421
503 -105.474  -69.320   -9.528  156.051 -147.149  143.078
504 -126.643 -121.617    3.608  172.898 -132.288  119.768
505  -82.152  -92.915  -17.299  165.007  160.772 -176.367
506  -48.471  -52.659  -26.780  165.935 -153.559  155.872
507 -128.071  -77.097  -14.129  174.496 -173.872  131.155
508 -117.714  -96.007    9.011  167.642  175.319 -177.842
509  -97.113 -128.115   -5.486  176.955  166.661  164.173
510 -109.987 -129.091   11.485 -174.570 -158.567  112.814
511 -102.500 -123.354   25.560  158.016 -145.602  137.121
512 -117.502  -75.492  -20.830  170.019 -161.097  145.389
513  -75.353 -107.626    4.545  144.931 -138.759  171.332
514 -129.850  -99.675  -11.278  159.079 -134.159  107.879
515 -113.426 -127.907   19.693  172.863  168.188  107.665
516 -112.369  -82.768   -8.742 -176.337  172.613  101.102
517 -102.210  -69.694  -24.123  157.911 -161.052   33.120
518  -91.685 -133.910   27.364 -163.094  170.532   43.463
519 -111.011 -122.309   -8.098 -170.924  142.407  151.659
520 -116.626  -76.398    4.280 -173.985 -171.643   92.381
521  -90.595 -130.391   12.495 -177.240  167.081  123.144
522 -112.742  -83.842    0.790 -172.369 -177.236  -44.592
523 -125.411  -99.848   -3.893  178.779  167.007  -33.301
524 -111.994 -126.334   20.924  163.635  158.238   14.819
525 -137.961  -71.098  -27.097 -177.171  160.212  -21.825
526 -114.289 -113.840    6.187 -173.297  164.521  -44.242
527 -104.798 -124.880    8.704  174.635  156.054  -31.291
528 -115.481 -128.089    6.694 -173.452 -173.060  126.317
529 -123.045  -70.806  -18.266  169.919 -155.166  125.420
530 -120.528  -97.333   -1.630 -176.438 -156.794  121.392
531 -107.167  -73.274   17.484  169.839 -150.767  136.732
532  -93.140 -123.860   -7.514 -175.681  156.876  -54.708
533  -99.561 -123.123   10.605 -174.568  173.069  -48.987
534  -99.402 -127.343    2.274 -162.526  170.064  -67.152
535 -102.561 -137.193    7.662 -167.194  132.242  -37.892
536 -128.174 -110.848    1.029 -172.980  173.805  -34.316
537 -105.310 -123.790    1.962  172.855  163.263  159.007
538 -114.374 -126.611   17.313 -166.250  149.379  164.613
539  -88.686 -125.956    6.798  172.416  174.542  114.952
540  -96.601  -61.147   -6.620  158.284 -142.288   25.299
541 -117.018  -99.243  -11.555  176.527 -154.835   56.722
542  -92.185 -113.641    5.383  176.160 -179.981   23.626
543 -108.569 -137.227   14.672  173.889  161.621  111.161
544 -106.372 -117.259    8.290  161.886 -172.197  177.429
545  -75.379 -124.929   26.639  165.547 -139.341   26.775
546 -115.989 -122.881    4.014  179.532 -171.107 -136.776
547  -66.024  -93.336   -6.833  153.420 -135.952  158.397
548  -92.040 -125.688    7.813  173.694  179.541  170.714
549 -107.547 -119.635    1.336  179.521 -164.637  148.302
550 -136.483  -66.074  -35.166  174.261  158.008 -170.503
551 -127.472 -107.558    7.273 -172.795 -157.859  138.927
552 -119.592  -71.510   -5.288  160.992 -175.709 -123.497
553 -126.847 -125.097   10.848  173.246  158.548 -168.846
554 -106.719  -75.910  -16.518  171.692 -160.098  148.275
555 -127.225 -105.516   -1.002  169.921 -158.699  135.887
556 -112.232 -118.521    8.360  158.840 -149.029  131.011
557 -117.048  -90.475  -11.440  172.405 -147.165  128.724
558 -136.458 -108.231   -0.807  178.027 -170.820  128.451
559 -118.751 -107.383   10.480 -179.129 -162.889  137.398
560 -113.429  -63.804  -22.029  166.734 -156.789  137.846
561 -136.725  -95.447   -1.768 -177.982 -168.599  126.437
562 -101.116 -130.580    2.506  164.272  163.048  178.215
563 -119.761 -114.133   -5.225 -166.368 -174.203 -156.140
564 -120.689  -83.405    8.185  163.666 -146.426  139.365
565 -122.918 -131.787   14.299 -176.389 -163.487  132.637
566 -114.903  -90.719   -6.168  173.732 -148.315  135.483
567 -137.117 -118.107   -3.952 -174.200 -160.405  141.862
568 -134.148 -117.194   -4.737 -177.953  166.248  160.199
569 -145.533  -87.359  -15.253 -176.207 -152.364  141.597
570 -121.443 -118.850   -0.817  170.415 -158.878  127.417
571 -121.300  -87.252   10.316  162.382 -144.443  123.136
572 -114.322  -77.753  -14.496  170.698 -161.130  132.291
573  -97.346 -135.669    8.507 -176.270  160.598 -163.674
574 -138.976 -107.968   17.685  172.011 -161.415  148.224
575  -82.653 -113.618    7.308  166.133 -164.450 -172.423
576 -123.822  -83.482   -9.205  151.569 -166.851  176.260
577 -120.844  -75.357  -17.936  159.930 -149.393  128.375
578 -139.073 -110.039   11.563 -179.053 -160.234  131.915
579  -83.190 -110.750   22.832  150.594  166.026 -142.029
580  -99.838 -121.579   -3.899  162.347 -149.800  141.143
581 -139.016  -89.986  -11.406  156.764 -152.564  137.816
582 -134.419  -83.663   -9.985  179.756 -158.487  130.418
583 -132.350 -127.672   33.264  173.785 -146.426  128.457
584 -126.276 -135.064   19.107 -177.351  159.274  179.147
585 -111.513 -134.797   27.874  176.789 -172.203  177.957
586  -98.989 -130.773   25.458 -179.568  155.372 -168.258
587  -99.553 -120.755  -40.862 -165.575 -168.807  150.908
588 -115.180  -74.121  -13.508  170.975 -152.942  131.010
589 -104.814  -88.088    5.704  170.773  166.342 -166.501
590 -104.936  -92.533  -14.383  175.082  168.471 -144.520
591   65.702 -135.833   28.608  169.494 -156.990  156.760
592   51.982 -115.396  -10.618 -176.524  172.673  153.870
593   33.313  -92.390    5.274  164.439 -153.784  145.024
594  -91.847 -123.206   -0.878  161.706 -164.813  156.686
595 -130.045 -112.922   -8.015  162.116  154.168 -134.914
596 -104.578 -125.284   15.255  171.801 -153.543  132.676
597 -132.211  -79.578  -12.646  155.839 -158.326  115.809
598 -117.433 -143.119   23.398 -164.181 -168.187  129.730
599 -129.222  -79.621  -23.012 -179.579 -160.373  144.243
600 -118.664  -83.449    1.655  152.536  171.514 -165.683
601 -127.372  -92.779   -5.929  169.412 -159.024  156.033
602 -135.988 -107.614   -0.649  168.878  169.503  170.371
603 -130.477 -120.862    7.080  141.727 -161.746 -153.775
604 -127.224  -77.862   -1.873  151.338 -141.278  129.243
605 -146.168 -113.248   -5.166  166.031  168.302 -175.568
606  -97.976 -125.971    7.367 -165.537  179.437  157.307
607 -134.625 -134.239   -7.462  162.499 -176.302 -174.211
608 -132.302 -134.834   17.515 -164.342 -168.728  122.138
609 -116.712 -118.759    5.947  162.772 -141.564  129.522
610 -110.399 -119.715   19.462 -178.551 -166.155  139.858
611  -91.833 -126.940    3.626  176.620  173.368 -163.063
612 -104.255 -125.477  -13.255 -170.036 -150.528  122.447
613 -110.634 -134.757   11.000  139.881 -163.602  153.782
614 -141.305 -111.701  -11.626  172.456 -159.005  115.125
615 -118.231 -119.350   -2.372  172.091 -159.594  140.236
616  -93.941 -110.179   10.179  171.981  166.839 -177.435
617 -101.063 -128.874   14.996 -177.505  169.097  144.664
618 -110.004 -119.878   -8.285  171.354 -177.379  169.398
619 -117.249 -105.704   -1.473  160.978 -145.766  134.971
620 -115.153 -110.185  -15.344  166.183 -152.491  144.355
621 -114.374 -131.927   37.517 -176.762 -164.449  136.784
622 -116.541  -71.197   -5.320  156.933 -133.409  119.467
623 -120.218 -116.355   22.836 -171.248  166.402  175.105
624 -119.816 -117.600   -2.146  165.855 -147.207  121.975
625 -131.949 -100.953   -6.536  168.534 -170.214  155.495
626  -93.309 -113.902    4.480  176.799 -156.970  152.025
627 -116.381  -77.527   -6.019  164.608 -144.048  135.809
628 -118.542 -130.586   29.150  164.092  171.785  144.489
629 -114.219  -96.799   -3.609  173.612 -172.979  136.854
630 -140.239 -124.202    6.058  179.965 -176.410  151.408
631 -134.908 -123.989    5.087  160.632 -146.518  143.449
632 -122.290 -107.425    8.018  177.017 -174.458  151.921
633 -112.437 -131.661   12.230  173.658 -149.231  122.479
634 -103.635 -138.810   26.543  166.196 -144.590  126.450
635 -106.368 -130.677   12.223 -179.221 -152.379  144.092
636  -98.442 -126.035   -2.071  162.692 -139.437  146.046
637 -116.754 -139.505   16.863  173.057 -163.762 -142.762
638 -105.789 -118.157    3.757  166.808  174.790  173.809
639 -112.080 -124.526   11.414 -174.548 -159.869  143.257
640 -128.901 -139.903   23.526  172.649 -133.246  121.432
641 -129.629 -126.725   -1.444  153.600 -148.559  148.080
642 -113.608 -115.366   12.788 -179.679 -152.775  124.028
643  -99.512 -143.296   -3.388  164.498  170.322 -130.288
644 -125.689 -144.675    8.954  177.650 -137.505  128.193
645  -85.725 -117.654   19.039 -163.615  159.872  166.307
646  -92.853 -113.926   -2.600 -174.677 -169.610  122.602
647 -109.880  -83.153    0.694  179.043 -172.163  171.897
648 -119.962 -119.966    4.705  178.628  162.643  179.786
649 -147.403 -127.183   16.948  176.192 -156.769  139.218
650 -117.827 -134.070   -2.519  161.863 -161.924  141.923
651  -98.788 -132.616    9.827 -178.903 -178.947  134.707
652 -113.120 -123.042   -7.255  174.187  170.323 -176.836
653 -109.622 -128.666   11.420  166.406 -168.102  159.485
654 -110.688 -101.224  -15.153  175.217  160.547  179.812
655 -104.219  -88.366  -19.102  162.443 -149.831  126.684
656 -118.386 -128.741   23.532  169.809 -157.559  141.541
657  -99.219 -136.695   15.919  159.024 -137.183  144.102
658 -108.531 -127.266    7.601  173.937 -150.530  120.108
659  -96.297 -126.034    9.530  175.103 -159.173  146.724
660 -109.462 -127.800   13.868  174.105 -152.964  132.613
661 -120.364 -109.579    2.155  161.626 -167.601  154.904
662  -95.759 -127.724    1.279  157.108  165.183 -172.021
663 -116.106 -120.164   14.893  178.409 -166.888  133.364
664 -134.526 -140.229    8.768  173.893  169.889 -177.929
665  -94.184 -113.510    3.781  152.510 -147.122  153.473
666 -109.609  -80.826   10.135  154.204 -171.228 -175.086
667 -122.515  -89.667   -6.902  156.431 -129.317  130.193
668 -139.767 -109.257    9.290  167.934  179.362  174.531
669 -123.408  -81.754    4.673  133.092 -153.936  164.375
670 -137.297 -106.717   20.574  159.321 -148.141  149.270
671 -127.286  -74.477  -20.243  161.759 -176.472  171.935
672 -149.037  -89.304   -8.753  160.051  177.089  177.150
673 -123.699  -86.112  -15.937  178.640  167.057  161.819
674 -114.768 -114.814   13.690  159.310 -150.816  130.806
675 -117.236  -68.476  -29.512  157.814  169.597  169.629
676 -123.230  -95.348   -0.408  165.811  178.950  167.734
677 -105.449  -85.654   12.886  179.024  173.584  177.744
678 -117.795 -101.485   10.547 -178.742 -176.674  140.305
679 -133.563  -65.788  -21.850  167.355 -154.600  121.167
680 -124.304  -87.063    7.714  147.257 -162.827  174.018
681 -137.498  -95.319   -5.570  177.566  177.790  159.454
682 -124.185 -106.326  -11.581  158.786 -161.990  149.880
683 -146.935 -113.723    3.536  171.237  179.034  164.496
684 -116.653 -107.805   15.143  159.602  170.831  179.981
685 -128.867 -110.757    6.174  171.884  157.988  149.474
686 -143.763 -105.152   -3.116  155.681 -144.871  137.893
687 -143.094 -120.108    5.138 -177.702  164.602  178.898
688 -133.241  -98.070    4.688  166.755  159.982   27.421
689 -125.010  -89.969   -4.286  173.201 -177.470  -45.168
690 -140.382 -105.647    1.693 -162.471  145.814  -69.171
691 -126.282 -116.079    5.268 -161.925  143.591  -59.279
692 -118.300  -93.677  -11.535 -163.969  162.823   17.358
693 -118.837  -93.849    2.541  177.058  174.872   -5.546
694 -107.132 -135.028   16.107 -175.954  163.388  -46.349
695  -99.666  -72.112   -8.709  176.094  165.184   11.061
696 -120.970  -86.675    8.234 -172.100  135.309  157.065
697 -123.048  -76.531  -10.367 -167.107  150.880   38.679
698  -92.239 -117.644   12.996  174.060 -179.045 -170.600
699 -118.757 -113.406    9.706  160.221 -151.866  124.521
700 -126.389 -105.909    4.655  178.004 -158.949  160.250
701  -93.270 -104.348    2.979  172.619 -158.946  112.265
702 -120.986  -97.572   -1.483  161.598 -176.906 -169.953
703 -124.109 -119.809    8.190  164.647 -127.756  128.485
704 -147.097 -109.983   17.987  174.972 -151.027  116.453
705 -123.026 -113.247    7.488  169.691 -153.821  149.443
706 -139.998 -107.478   -0.343  159.587 -159.914  157.345
707 -106.105 -111.792    4.497 -179.143  169.086    0.947
708 -145.644 -112.707  -16.076 -172.488  178.483  130.847
709 -115.980  -63.616  -22.851  139.036 -158.422  147.989
710 -128.930 -102.356    5.560  159.519 -154.305  164.495
711 -122.491 -124.811   12.197  164.323 -173.887 -163.608
712 -118.463  -73.887  -13.315  164.615 -168.985 -168.459
713 -136.220 -101.533   12.065  167.727 -161.954  126.788
714 -137.276  -81.052  -20.006  161.359 -171.825  163.838
715 -106.238  -78.683   -4.381  146.894  176.284 -166.490
716 -125.574 -121.072    0.949 -178.513  169.564 -157.238
717 -127.959  -99.081   -1.851 -179.834  163.060  162.637
718 -116.760  -85.625    2.845  162.850 -143.748  145.163
719 -130.425  -97.021   14.717  170.419 -174.566  166.971
720 -125.730 -117.843   18.440  155.953  176.725  155.835
721 -124.470  -85.573    0.391  164.098  178.869 -169.340
722 -124.849  -84.224   -3.197  167.655  164.156 -155.582
723 -116.710  -88.123  -16.019  168.178 -175.851 -170.648
724 -119.653  -56.651  -40.047  166.362 -154.800 -166.778
725 -112.635  -91.102    7.370  170.434 -141.652  115.924
726 -127.826  -88.945  -15.232  161.978 -165.759  174.878
727 -115.135 -109.758  -16.378  161.359 -145.350  134.225
728 -115.862  -98.485   21.724  144.497  177.299 -173.765
729 -119.930 -116.431  -11.851 -166.537 -168.471  138.069
730 -133.672  -82.806  -16.543 -172.510 -179.785  119.984
731 -118.184  -60.543  -17.692  169.335  177.111  137.732
732 -119.995 -110.858   -4.543 -158.959  162.825  -43.588
733 -125.442  -74.956   -4.878 -149.047  168.729  -51.300
734 -106.386  -70.490    0.374 -172.373  143.519  -33.280
735 -133.456  -82.987  -20.285  169.708 -164.177   10.957
736 -114.663  -66.954  -10.446  171.541 -159.894   11.227
737 -118.686  -69.656  -15.716  175.175  155.991   46.722
738 -116.796  -80.428   -4.278  179.597  160.071  -17.148
739 -136.468 -103.817   20.234  166.185 -145.725  132.033
740 -126.045  -64.803  -33.371  159.367 -173.197  156.266
741 -107.349  -70.307   -3.747  152.284  172.308 -153.205
742 -114.410  -67.538   -5.221 -179.634  162.506  171.604
743 -104.313  -66.786   -5.570  170.772  176.763  174.388
744 -113.359  -72.907   11.454  179.144 -176.802  143.624
745 -135.986 -113.787   -0.652  175.867 -157.236  132.964
746 -107.986 -108.005   -3.027 -176.265  169.435 -170.653
747 -118.012  -76.409  -12.082 -174.721  175.266   24.028
748 -117.648  -85.465   16.249  174.256  179.756   94.373
749 -123.186  -85.610    0.415  179.292 -168.071   22.971
750 -121.393  -73.098   -3.823 -166.294  140.925   12.104
751 -127.120 -113.581   -3.658 -173.396 -178.100 -178.901
752 -116.973  -69.634   -5.285 -175.109  147.703  -21.275
753 -127.218  -65.469  -27.288  176.392  178.715   42.847
754 -114.971  -97.089    3.403  174.524  178.320   29.218
755 -122.146  -82.172  -27.034  179.084  162.705  -41.506
756 -141.232  -99.549  -11.785 -175.384  169.041  -55.030
757  -98.397  -90.259    5.438  172.016  171.926  -59.352
758 -108.642  -70.896  -29.784 -177.974  151.644  -16.144
759 -139.124  -85.716   -7.938 -156.513  146.526    2.802
760 -113.509 -138.825   24.066 -166.719  166.052  -60.817
761 -131.253 -114.613    7.377 -160.601  137.829  -53.210
762 -113.339 -119.895    9.290  173.276 -163.607   29.945
763  -90.452 -121.018    2.552 -178.078  148.658 -170.489
764  -99.585 -121.764  -12.383 -175.428  166.317  160.479
765  -90.351  -82.119   -6.130  175.515 -177.439  160.794
766 -116.344  -77.910  -22.639 -169.457  151.453  131.040
767 -109.402  -67.453  -14.065  174.906  170.961  159.639
768 -116.862  -85.274    2.860  160.858 -148.411  116.712
769 -128.165  -81.568    2.402  163.903 -169.241  140.597
770 -128.756  -77.031  -14.066  161.536 -165.617  117.297
771 -110.985  -58.946  -25.498  162.020 -147.295  120.512
772 -120.251  -69.232  -20.441  166.045  166.398 -168.165
773 -127.517  -77.841  -14.266  168.407 -173.048  144.017
774 -115.975  -65.066  -23.022  156.530 -146.985  135.867
775 -125.619  -69.849  -24.505 -174.966  171.065  178.135
776 -105.625 -110.237   -1.036 -171.838 -172.368   33.125
777 -112.042  -81.545   11.426 -178.639 -173.838  -43.680
778 -116.702  -68.032  -32.769 -179.492  139.708   33.007
779 -124.287  -84.318   -9.974 -156.708  166.795  -37.413
780 -112.475 -121.108    5.424 -165.021 -175.798    8.726
781 -112.713 -127.241   -6.028 -163.429  166.324  -54.062
782 -116.893 -130.485   13.895 -164.658  139.631  -43.390
783 -137.920  -95.386  -10.215  177.730 -154.692  -47.128
784 -110.913 -111.721   -5.583  172.605  173.862  -49.381
785 -120.781  -85.091   11.115  179.593 -178.805  -20.927
786 -109.131 -126.782   24.743  173.013 -176.995   16.134
787  -92.324 -129.621    8.149  172.994  169.858  -78.078
788 -122.345  -84.165  -45.033 -170.913  165.166  -53.711
789 -106.814  -70.683    2.780  125.003 -165.275  170.649
790 -103.807  -81.454    3.242  169.641 -164.928  160.837
791 -130.225  -74.715  -13.479  163.193 -170.824  168.727
792 -118.601  -93.327    2.687  161.713 -166.070  144.160
793 -120.923  -77.091   -2.880  172.526 -144.007  120.272
794 -123.488  -82.360  -21.489  156.349 -146.962  138.481
795 -108.995  -80.020  -13.712  170.555 -169.451  171.527
796 -124.594 -129.504    8.654  163.290 -139.336  130.611
797 -110.164 -126.908    3.236  166.145  172.938  177.710
798 -127.599  -88.719  -14.198  169.025 -151.788  127.746
799 -108.682 -124.887   21.365 -145.519  154.839  144.515
800 -121.858 -150.208    0.649 -175.652  169.954  118.198
801 -123.177  -62.807  -11.391  157.613 -160.160  172.274
802 -118.216  -77.283  -14.273  163.544 -159.776  161.033
803 -117.058  -75.437   -6.644  171.225 -156.041  151.517
804 -123.833 -111.191    8.301 -178.525  146.823 -179.246
805 -118.208  -83.734   -5.963  166.729 -175.644  122.585
806 -136.700 -109.042   -3.513 -176.458 -161.108  134.028
807 -127.302 -118.051   11.127  167.002 -153.847  137.771
808 -121.254 -119.984   -6.735 -164.257  153.376 -172.880
809 -125.994  -87.321   14.858  165.554 -144.608  123.743
810 -124.652 -131.411   -8.584  178.530 -159.800  128.189
811 -119.232 -109.679    4.534  178.399 -169.111  156.131
812 -129.149 -125.113   12.597  173.242 -157.363  138.530
813 -133.754  -95.547  -14.384  172.336  179.958  155.145
814 -126.890  -74.017  -22.432  162.631  177.063  149.858
815 -148.796  -98.165    3.519 -179.226 -170.625  145.021
816 -109.951  -90.134   -4.881  164.981 -146.938  136.551
817 -140.795  -98.711    7.665  160.986  179.264 -168.671
818 -117.416  -99.004   -8.199  169.426 -146.015  125.190
819 -103.823  -76.475   -0.546  159.579 -164.304  141.717
820 -131.645  -69.586  -24.739  172.282 -179.415  158.696
821 -109.021  -84.240    2.412  174.438  178.468 -165.637
822 -126.293  -90.766    6.031  161.276  166.227 -170.246
823 -124.563  -95.025   10.587  167.569  160.959  155.717
824 -112.526  -72.497   -8.559  159.346  170.924  161.861
825 -122.133  -81.461   -8.102  154.695 -168.700 -179.164
826 -128.298  -89.885   -3.941  160.353 -137.217  143.324
827 -132.244  -84.266   -3.409 -177.737  179.591  156.853
828 -107.092  -70.507  -12.381  153.333  168.638 -171.586
829 -115.859  -79.672  -15.756 -176.813  161.226  170.333
830 -120.846  -99.278   14.427  176.437  174.913  156.474
831 -100.411  -65.662   -6.333  158.962 -171.724 -159.962
832 -106.117  -62.545   -9.645  161.856 -164.110  147.351
833 -117.239  -96.049    5.779  145.673 -148.471  113.799
834 -114.496  -89.051    6.180  155.570  174.064 -166.118
835 -137.063  -68.812  -23.463  163.196  163.105 -165.773
836 -116.522  -88.073    3.103  146.782  179.906 -171.816
837 -133.393  -83.609  -12.890  159.665 -177.618 -178.950
838 -101.645  -84.143   -3.961  159.793  163.472 -173.387
839 -100.946  -56.892  -15.572  155.065  173.425 -164.304
840 -126.758  -80.471   -2.807  161.561 -173.908  161.733
841 -115.900  -72.938  -11.710  157.709  176.965 -160.012
842 -105.067  -73.030   -3.366 -177.119  154.604 -165.156
843 -114.903  -69.380  -13.289  170.159 -177.130  164.433
844 -104.037  -81.736   -5.476  170.873  175.872  159.536
845 -128.108  -80.070   -6.861  176.420  160.107 -171.662
846 -109.078  -98.421   10.743  175.946  160.668  174.833
847 -134.474 -104.999    8.165 -177.528  171.367  176.727
848 -116.464  -76.810    0.729  158.119 -167.092 -163.300
849 -109.698  -74.706  -16.607  147.389 -174.013  175.144
850 -119.779  -64.998  -28.062  169.325  172.158 -136.541
851 -128.376  -75.309  -11.403  173.260 -158.268  135.587
852 -109.789  -54.231  -17.619  150.547 -179.017  174.664
853 -114.285  -94.520  -12.868  147.857 -177.652 -171.010
854 -126.018  -90.946   -7.361  156.983 -149.506  141.410
855 -116.376  -81.015    1.286 -179.106  175.418  148.519
856 -114.137  -72.747   -8.524  165.666  170.501 -177.327
857 -131.424  -81.326  -17.467  172.022  164.307 -176.116
858 -119.316 -106.160   19.449  173.127  170.788  169.671
859 -119.677  -88.820  -20.134  148.101 -166.733 -157.595
860 -105.741  -71.824  -11.291  168.414  170.967  179.482
861 -106.269  -69.685   -2.072  154.431 -175.140 -162.735
862 -123.641 -102.872   11.371  179.237  176.080  148.855
863 -120.067  -66.021  -15.644  169.933  166.821 -167.856
864  -98.931  -62.631  -23.639  155.954 -179.983  172.015
865 -125.166  -86.752   -4.030  158.416 -175.473  175.988
866 -111.517  -77.600    0.346  171.769 -161.654  146.129
867 -127.188  -72.298  -21.977  173.123 -149.376  121.731
868 -114.189  -73.461  -14.122  158.697 -147.463  145.423
869 -126.234  -79.779    4.805  169.781 -164.022  115.072
870 -105.615  -67.836  -30.532  177.445  165.755  160.398
871 -128.258  -97.226    4.770  167.500 -141.132  122.622
872 -122.579  -74.245  -22.561  162.166 -175.816  140.310
873 -120.026  -76.392   -2.850  160.599  166.174 -176.930
874 -111.960  -75.892  -11.841  144.854 -168.179  143.894
875 -126.429  -81.555  -15.937  157.941 -159.440  155.964
876 -109.906  -63.521  -24.382  140.538 -177.320 -175.040
877 -124.217  -88.891    2.974  164.307 -135.175  130.689
878 -118.911  -73.535   -2.788  165.641 -168.567  146.025
879 -114.443  -83.817    7.067  176.933 -171.404  118.169
880 -125.727  -61.894  -40.970  163.967 -169.974  130.209
881 -106.552  -80.910  -21.328  172.351 -141.696  124.110
882  -93.929  -77.771    0.717  179.197  121.847 -163.002
883 -116.936  -77.243  -10.550  167.712 -163.031  151.558
884 -106.044  -58.366   -9.706  156.918 -162.650  139.760
885 -123.272  -60.196  -20.687  159.698 -155.710  139.829
886 -131.892  -79.783  -21.498  152.711 -144.053  126.998
887 -139.072  -95.119   -1.009  167.290 -160.149  133.109
888 -133.067  -88.224  -15.236  166.444 -156.062  152.956
889 -133.509  -77.883    3.063  171.766 -179.816  163.903
890 -122.894  -77.453  -16.926  175.941  170.869 -161.251
891 -122.510  -68.417  -10.428  167.826  160.794  148.965
892 -136.009 -109.648    3.080  177.634  175.442 -166.020
893 -143.577  -93.299   -0.607 -173.767 -179.538  123.748
894 -122.983  -88.904   -8.465  152.948 -158.238  147.831
895 -129.854  -87.772    0.601 -174.377  154.457  161.400
896 -118.201  -77.630   -9.246  178.702  176.272  156.225
897 -133.595  -75.426  -19.782  145.445 -144.415  138.626
898 -126.083  -73.528  -14.724  175.231  178.311  134.151
899 -121.698  -95.384   16.039  160.328 -156.080  133.083
900 -123.726  -89.881   12.583  165.502  158.838  161.844
901 -110.584 -105.098   13.779  162.961 -178.036  174.015
902  -98.404  -72.538   -2.876  166.401  168.481 -159.958
903 -141.637  -82.311  -12.093 -178.522  163.882 -155.189
904 -105.079  -83.449    2.046  160.084  165.875  177.488
905 -112.014  -83.421    2.342  160.750  173.023  179.058
906 -105.259  -74.909   -0.364  171.919  174.530  166.316
907 -111.979  -70.468   -7.437  167.501 -158.723  116.225
908 -132.572  -90.920  -14.547  174.203 -161.210  115.360
909 -117.642  -67.901   -9.796  147.709 -178.899 -176.434
910 -121.111  -69.364  -25.179  165.376 -151.124  133.631
911 -114.179  -79.403  -14.475  167.545  169.083  179.970
912 -105.495  -51.902  -34.025  152.839  174.472  173.465
913 -111.072  -71.874  -12.695  165.163  170.212  177.926
914 -124.533  -84.642   -0.581  169.280 -158.709  154.873
915 -116.264  -82.822   -3.202  163.118  166.270  171.907
916 -130.404 -101.453    3.006  170.732  162.099   96.693
917 -119.292  -80.153  -26.051  164.662  168.705  168.290
918 -129.360  -85.495  -10.787  173.334  175.190  174.335
919 -108.086  -82.163   -9.026  154.739 -172.978  179.861
920 -130.741  -90.003   -5.019  174.780  164.839  179.997
921 -138.159 -116.300   13.643  167.193  170.045 -170.402
922 -124.216 -115.373    7.245  160.052  179.271 -164.865
923 -117.383  -90.060    9.829  175.427 -172.862  143.424
924 -123.092 -120.402   23.014  174.812  168.530  175.842
925 -102.675  -58.979  -22.162  165.984  164.057 -173.605
926 -111.794  -75.877   -6.587 -177.675  159.232  170.271
927 -118.132  -79.013  -21.455  153.064 -172.286  178.295
928 -132.112  -77.897  -13.518  154.094 -157.905  146.357
929 -129.496  -93.723   -2.296  165.248  162.240  168.059
930 -122.961  -76.933  -18.619  152.529  178.970 -179.755
931 -115.207  -68.947  -23.098  150.306 -135.428  155.762
932 -125.791  -85.902   -3.175  153.300 -179.381 -148.593
933 -129.764  -93.461   -6.984  178.168  178.094  173.160
934 -103.101  -66.010  -20.094  165.347  171.665  170.382
935 -117.720  -86.888   10.573  158.177  167.917 -171.441
936 -130.518  -84.725   -5.797  152.405  174.232  176.651
937 -121.788 -124.583    4.530  173.324  165.725 -172.542
938 -104.070  -66.594   -7.687  158.031  159.791 -172.022
939 -136.040  -79.550  -11.530  151.316 -176.373 -156.169
940 -137.747 -108.368   20.535  153.255 -160.294  150.261
941 -131.163 -109.644    9.018  167.485 -143.195  143.248
942 -121.997  -73.047  -24.760  159.951 -150.116  147.940
943 -113.783  -77.735   -8.202  162.634  170.394  175.160
944 -118.771  -99.881    7.240  146.202  168.180 -176.780
945 -136.337  -75.468  -18.993  154.929  179.141  166.140
946 -124.577  -84.937   -8.878  162.389 -167.136  143.413
947 -113.608  -71.729   -8.123  148.766 -168.798  161.380
948 -114.918  -70.624  -17.049  155.827  168.323  165.604
949 -118.401  -80.569   -1.912  167.176  174.026  168.993
950 -128.097  -94.560   -6.579 -177.282 -171.690  160.077
951 -129.116  -89.757   -5.294  152.278 -169.304  169.948
952 -128.242 -110.199    3.236  160.641 -175.018  150.094
953 -123.467  -80.847  -14.746  167.174 -158.565  118.737
954 -133.532  -81.031   -4.293  176.270  167.896  144.028
955 -124.419  -84.796   -9.239  166.544 -171.052  169.482
956 -119.912  -68.829  -10.955  153.598 -164.931  149.587
957 -117.868  -88.156   -1.469  150.541 -156.272  134.425
958 -121.894  -95.094   -8.311  173.605  157.086 -162.967
959 -117.436  -81.499   -8.861  161.691  175.917  172.186
960 -125.903  -76.205  -15.786  161.158 -141.580  126.349
961 -124.580  -58.525  -32.352  175.179 -157.870  126.010
962 -107.360  -97.786    4.883  170.313  163.094  178.396
963 -137.107  -94.370   -9.546  172.780  159.125 -170.874
964 -140.213 -117.861   -6.466 -178.514 -174.633  139.503
965 -121.467  -81.783    0.724  161.468 -170.250  164.732
966 -119.833  -85.827    5.920  154.214 -161.638  158.631
967 -128.052  -84.914    1.025  164.088 -157.168  137.988
968 -135.978 -106.749    5.394  177.590  153.317 -170.028
969 -136.249  -94.272   11.443  160.160  162.057 -163.498
970 -129.782  -74.484  -22.597  154.602  172.523  162.970
971 -105.229  -71.683    7.105  163.898  174.663 -175.693
972 -124.761  -74.986  -15.772  170.013  174.030  159.299
973 -126.686 -101.943   -1.254  158.258 -169.481  170.942
974 -126.684 -108.006   -5.375 -171.615  161.108 -177.039
975 -123.813 -111.793   14.564  174.893 -158.137  104.209
976 -127.714  -82.424  -13.623  161.852 -172.459  173.428
977 -128.440  -84.092   -8.372  149.090 -175.082  179.117
978 -119.933  -93.911   -3.430  161.528 -166.964  141.796
979 -132.954 -103.546   11.316  152.845 -166.951  128.366
980 -148.900  -89.648  -10.246  157.017  177.667  154.717
981 -127.354  -89.664   -2.655  147.411 -174.311 -166.131
982 -119.103  -77.672   -6.338  170.183  174.719  171.495
983 -129.064  -98.946   -8.697 -177.360  163.241 -143.516
984 -137.084  -91.420   -9.384  160.058 -167.761  158.582
985 -124.431  -98.020   10.634  168.595 -154.496  156.493
986 -121.617 -112.506    8.026  168.351  169.422 -168.792
987 -135.107 -105.916    1.542  168.678  161.820 -120.605
988 -125.413  -80.519   -8.207 -173.569  153.833  126.663
989 -121.176  -98.985   -1.126  176.886 -172.840 -177.132
990 -138.958  -97.854   -9.356  165.222 -172.109  136.091
991 -139.462  -65.759  -22.555  173.414  169.795 -179.818
992 -113.787  -80.385  -11.762  170.753  178.671  168.654
993 -125.998  -83.528  -10.544  153.575 -177.774  131.972
994 -127.641  -80.933   -9.008  172.050 -175.151  149.990
995 -128.611  -79.647   -6.630 -175.388 -169.385  131.347
996 -136.979  -73.671  -28.358  156.253 -158.872  145.775
997 -136.245  -91.338   -2.586  147.088 -164.401  172.893
998 -131.728  -99.295   -7.025 -177.291 -169.945  138.054
999 -128.512 -106.779    1.056  165.861  174.420  176.545
1000 -132.474  -99.498    5.584  166.786  174.332 -169.494
